44 ,’
44111111( ·

44 nom ulam, «10 un. mom m. 444. 4144411444. 14.
’ ’ 444444. ’ 114444 (1141441414) 41141411114441144444.

1414144411. 144. 11441414414144. 47. 141. 144144. 144. 444. 444. .
441441414414444. 444. 444. 444. 444. 414. 414.
napy (1141111411. 1114414144, 411. ho. p. propo 0444441414 444. 144.
414 1141114444 111. ι 4114. p. (1.0144414444441.
44114144411 4144444114414 444. numu, 4114114444 444.
1141441441,114144411441,1141144411444114,11411444- 11444144, 411 4. p. (1. 11411414 444. ,
bork 044144 414 44444414, presb. 44. 444444. 414 1114441114 14441414, presb. 444.
444. “ 1114141111 (1) 411 44.

1141414414, 411. 4111 bodi 441. 1144141111, molendinarius 44.
11414444 414 4444. 041414 14. 414. · 1141414141 4144441. 1114414 41. ·

- 414 4444. Trium 41114444441414.Ι 414 1111411 1414414 et 84441141. 414 4444. [44414 44.

- domun 14 ’04444414 441. 414 44441444141144. 414 44411414, 4444. om. '
1141414414014114141411. 144144. ·
4411441441 11144411. 44. 1144414114, 11414114 (81411441 murium.
4414,4414444. 144. 414. 414. 4444141444. 414 4144441441. 414. 444. »
“ 114114 (1141414414, 11444444,11444141144,11441441,114144144,114441441,

- 1144411144 414 4444. noh 414. . 1144441444 (1144414444) 411.
1141144444, anthenor. 44 1141141444. 1114 444. 11144444 (1111444441 411
Α 11141441444(1141144144141111.1144.Ι 114444, 4114114414 444.
11411444 (11 411. 444. ' 14444444114144441. 114441414411144. 44.
11444, 114444, 1144414144,11444, 1144444, 114444, 114 11444444, 411. 144. p. prope (1444441414 41. 111.

azae, 1444444414, Rom, 44444144414144444 144. 144. 144.

114441141414 (1144414164) 1114 p. 11, 8141114114 44. 11444444, 411414418111141444144 ³1³.

444. 444. 444. ’ 1114441444, 411114 ppmpo 0144444 444. 444. 441.
4441441441114441441441411. 444-444. 441. 444. ·
114414441444 (1) 411 4 p. d. ,14141414 1444414414 1144414141444,1144414441444(1144441414144141141.

11. · 41. 11444144 144. 441. ’
1144444111,1144444111, 411. 4. p. 41. 1111444144 444. 1141111144 (1141411141 411. 1
11441444114144444. Ρ1414141141111 444. 1111141444 (11144144) 411. 4 p. d. 114114144144 444.
1144141410144141411411. 4. p. 41. suto 444. 11141141,11141111, 4414444444. ’ .
114441 1141144114 414 4444144144, praeposit 144141· 1114114414 (1114144141411411. 11. 4. p. 1441421114444.
- 4144. 414. 11144411, suburbanus (1411441441 444.
114444111441444 414 11441144441444, 414 444111. 114414 1114414441, opp. 447.

444, 1114141411, 111. 4. p. (1.1’4111144144 414.

114444 111441444414[14444144144414444144444114414 11111114, oppidanus 414 8144144141 444.

444. 111141, taberna 44. , “

· 1144444141, 444114 cracov. 44.· ’ · 11141444,4114414414441411411441444.
4444414444, 1144414144 (1144141441) 411, 111444441444 (1444444144) 411.
1441441444 (1144414414) 41141441. 1144111144 apponimus„ 11114411144141444 (111(44114441441411.

441. 474. 4. p. 41. 1411144144 444. 444.

14444414 (1141414411) 411. 4114444114 11141141) 411. 41441. 1411144144 441.
1444144111 114. prm. 141114 444. 414 11111444 1141111441 41 24114111, 414 4441. 141144 44.
“ 1444144411. 44141114 4441. 0 44. 144144. ,

1141144444, 1444114444 444. 1111141441 (1111141441) 411. 4411. 41. 51444144 144.
1141414, 414111141144414 8144141144 144. 414 1111141441 141444. 414 4414. «1441411144 444.
4444411441, 411. 11. 4. p. propp 111444 444. 1144444441444 (114441441441411.
144441444114144444.«1441411144 11. . 1144414144. 141. 144.

1141444411. 411. 4. p. 41. 8144144144 444. - 14144444 444. 444.
1414441441(11444411444111411. . 11414414 1114141441 411. propt Praemium 144.
16114 4114414441, 4141444 44. 114. 44. 44. 44. 114. 11444444 11111441141411.

144. 141. 114. 141. 4411.414.441.444.144. Ιι4144ν441414114144441111 14414. 4441.

444-444.·144. 444. 144. 144. 414. 411. 444. 4444144144, 1·11.4.14.1..’144114.144 444.

444. 444. 447. 444, 444. 444. 441. 444. 414. 1144441444 1114444144) 411. 14. 4. p. 111144 14441414

414. 1114. 444. 444. 41114444 144.

 

