Ρη1717171177,111.77.1111171177111117111171777 11171171 (107771) 117

, 1.·11714141177 111 177.71777117114.147.

·- 1117. p. 71117717 777.
- 717771117117111177
77 1711171717 8177171777 cano. 01777. 177.
Ρ1711111,111.117. p. 1117117 17171 17. 77. 77
“ - 1οΜ7170771771177777.
- 1117172711171777. ·

1171777714 (1111177717) 11.1 7. 7. p. 111117 81711 1171117170) 111 7. p 7. 77717717 414. ’ ’

7777 71 1771711717 771.
· 1171717141, 111. 7. p. 7. 01711717 477.
17711, 10. 7. p. 71171717161 77.
- 1117 1171171177.
17717111, 7771117 77.
1711111(1)111 711. d. 117171777.
- 17771117, op. 7.
Ρ11174161,111.771)117117 0117171 777. 777. 471.
, 1711717771777717771.17777177177.
1177717771, Ρ177717771,11777717771,1117771·
7771 (1771771) opp .
11777171717111777117. 1111177477.
1171117711, 777717711771171171771 774.

, 117117171177117(11111711717)111
1117111117, 777177 11177711 17 111. (1171171 77.

1177711771 (1177171) 111.

’ 11771ἶ77771117117017777777 11717) 111 ι’

111717 (17711717) 111.
1177711771 (1177711741) 111. propo cracoviam 77.
78.110.178.

'muman 1’1771771711 Ρ1177111111 1117117 7711711 (1117711171)ῑῆ7

11711) 111
11777771771111, 7771117 74.
1177111777· 77 7171 71111177 777.
1177717111, 71117 Β77171711177471.
-11711717111777117, 71777717 77.
11771 (noun) 7
1177771777 (1717717177) 111.
11711111117117 (1717171717) 10. “
1171117171717111777171 1177 777.
1111117111 (1171117171) 77 7117 Nabum 47. 777.

11711711711777 (171771771177) 111
1117177 do 7171 2777177 717.

Pylon (1711771771.
11171147, 111177 (171777) 711

77 1117417 11771771, 7717. Gneo. 77.
11717, oppidanus 77 7777717117471.
11717171711, nobil. 777.
1171171111 (1171171111) 117
1171111714 (11711171) opp.

117111711777 (1777171177) 111.

1171171 (1771171) 111.
11711711771,Ρ1711711777(1771171177)111
1171171177711171171177)10.. ' ’
1171171711 (1711117111) 111.

11111714 (17711171) 111.

vynnyou 11171177 11177171 (mmm-j

1111771777 (177177177) 111
1117711711 (1171777717) 77711.
11177771 (1171117771) 111
111177711777 (1771177711177) 111

11111111, 111. 7 p. d. 717717177177.

mma, 11111111 (7717111111
'mm (11771171.

11777171( magne, 1177771 (7717111771 117111) 1177711711771(17771771177)111 ·’

1111117 (17117) 77711 ι

Q.

077111177117117 (1117117117) 117 ’ἡ ⁸
01110117011187 01177711111711111 ,

7117717771· (1111771771717)111 ’ ’
011717771717141(11117177171711)11771117 .

, 4 (1111717 (11111177) 111 ἰ

, 1εηι. ι

’ · 117117, fluv. 77. 17. 77-11, 177177. 171.- 717.

20⁴. ²⁸5.

1177701711, 11777117711,117771117111(117777117·
11(1)777171·(11717.1117.17117741.4

- 740.741. ⁴07.

11777714, 10. 7117 71771777717777711. 7 Ι

ρ1171111011(9101171101,1771117777, 1117711771 7. p.) 177. 777.Ι

(1171111111)7771117.
1171717117 (1) 111. 7 p. 7. 7777777711) 717.
{vy-nomm (Pienchowiec) 111.
11771717 (17771717 71117) 77711717
1177117147 woly· (11717 11711771117)111.

1177771411171177 77177177,117111717171.’41711 7117777741.47.17.17. 141. 111-117. 177. .

777
· 717477777117, nobiles 77 7171. 171117-
11711111711717 (1171171171177) 111.
111117, domus in Klepm 777.
1117117 (Pilum) 711117.

77.7111777

177771711777171. 1711117177. ’ ·

1777177711717 (117777171177) 1177. 71111777
11777177 177147741.

117711) 117 477.Ι ,

1771771711777 (1177177171177)10.11 71117117

20⁹. 111. 411. ,
7171771717, 111. 711. 7. 1117117717 147·

7777777177, 111. 7. 7. 11117117 1177711411 714.
1177111177, 111. 7. 711. 17117 17177771 7111171·

71117 77. 1417. 171. 174. 177.
17

 

