mvl

91919999991719117 71991, pm& mmm
1971917919971 119191, 11119 1917919197 (1) 71 11997117 (11191971) 911 .
, 19119991199991. , 171119111119(11υι9)91119711111911911
19991, 1111991991199999999911911999 (17.197191919 ·.

- 91119718119119999. · 1197999119711119191119199979.

·· . 711. 9 9 71 11911997 999.· . , Ρ71711977, 911 11111999 81971119 97119119 1. 9.
1917111919, 1911711919 (19191199) 911. Ρ11111999971911,117111911979119 (179111191191711
1911199119 711 1111 0119991999. 997. 979, 171111991119, 711. 1971. 1191119119 79. 919. 917.
1919791119,711.199.11119 1119991 91 01119991 11111979919111 (1119119919) 711.

199. 991. 1111117 11199 1711111719, 1911117 999.
19111199119191111. 19119111 919.991.Ρ1119111619, ’911 11. 19 91991 1191191.
1919111111, 1991 171 911 1119111919 179. ., 1119911171, 999. 19. . ¹ ³
1997111,1991191(1977911 11199 09911191) m 11199719711711 1 9111191111 199. , ,,
11191191 1111119111, 19 11111 199111 999. 11111111, 9111 711111 1119111111 19.

7 1111717171 ι 9. 11 11911999. 991. Ρ1119111191 (11191119) 999
711 1117711711 Clemens, 91911. 179. 1719111111, 9917191. 911 11199799199197.
,Ρ711117111,1111711191,11111711911(11171111) 911 et 17119111177171 (1119111911) 911 ⁴
' 1119. , ’ Ρ11911991199 (1111911919) 911 .
1719191199, 1191191191 (1191191111) 711 Ι Ρ1191197 (1799111911) 999. 999. - ,
1117711911 19119119, 11111911119119111, 7191111. 1119111911( 191111 in 11199111 199.
11191191. 199. 199. 11191111( 1111111 199. ι
1719191171 do 1119 11111191 919. 1119997111, 111999111199 (1119991119) 9119 9. “
· ·· - 91 nm mrum, 19119 911991. 171. 9 2919991191 119, 919. 911.
999. 999. ’ . 17191911191191119 8111911999.
1711111911 do 1171. 9119111711 11. 19. 11. 1η1)ωι).,ι 111. 9. 9 1 1111199 999.
- (11111 1111111 1117911111 (11119911911191111 (1119119199, 1191171. 11171171, 97111.
Ρ71711((17991(191111(191179 11191119) 19. 71. 999.
1917119911179179 11199171911111191111199. Ρ1191ο11,111)17111111911171911991.·
1799111919. 11. 119. 179. 911. 1719191991 19 arm. 1191191191.
1791171171, 111119 1199177999, 911. 91999 (1119971111 Ρ711Ι1719,11191991 (1119191) 911 -
· 19. 79. 111. 711. 711., 117. ’999. de 11191111 19111171, 1199 cmo. 19. .
1799197191, 1111111111. (111911 (1917 A) 991. 111197191991 (1191919119) 911
1799111117, 711. h 1. 9 91999 8191191111 117. 999 711 1119979191911111999111 01119119.
140· . 17191991111171, 91119. (1219191119 199.
17111111,71111197 999. ’ · Ρ1191719111779, 711 1971 1191911111 99. 99. 799.
179119(917919,1191191999119 (17919199119) 711 11. Ρ119971191171991171 (1719119111111) 911.

ap 9199999. 1111111191171119199.Ρ1119719111779,1119119111119111911 (pm, ·
179197119119111111 1111171991 999. 991. ny) vil ,

1191779111, 11119911 (11119. (1979 11199171997111199 19119191 199.·
17111911911,11919919191 (1191911119) 711. 9 9. (1 1711991919, 111 11. 9. 9 9199199 11919911 179.. .
111111119111 179. 179. 11111111719, 911. 1 9 71 1911977191 997.
1791911911, 1191911917 (1191911111) 711. 91999 17119711719, (1119191919.
,. (1111911111 19. 191. 1711199911,1119119919(111119919)711 1 99
Ρ79917911,19111911919. · 1191119191 71. 999. .
Ρ1199711771111,1799111999199,11911117991119, 119 1111119719 (11191911) 911.
19991111 (1191999111) 999. 91. 19. 99. 97. 99. 1719199911199 (1119119111719) 911
9111199191191111 119. 111. 119. Ρ1119919991(1>111)11191)711
, 117. ..191 199 11191119, 11111911 919
1111919191911 (1191119111) 711. 99.(1. 1119919179 Ρ11911171119,11’19111119919 (1199191199) 7117 9.
9111911999 1191111179. , 71. 811111111999. 991999.
do 1791919991919 11111191 911111. 199. Ρ7111717911 (1199111119) 911
17991171 (1171711) 711 91999 0917991711 199. 11111117191111, 11191991199971 (1119199119199)
mammo, 11199 119191· 1191119991119) 711.
711. 1. 911 11111191 191. Ρ1191197119111 711 t 91 1119111991 999.
1791, 1111197. 99. 1911911111. 191971. 1119911111, 111. 1 91119179199919199..

' Ρ791(9997111,911.9.9711111111ό9999.991.Ρ1199999111779(1119119919779)71199.1.191119991.

 

