’881

1118188188, 8118 p. 1. 118818 818,

1111181888, 811. 8 p. 1. 11188118 propo 01188 80.

zum (118118) 811.

1181888818 1181181, 1181111818

11888118 (11888188) 811 118. p. 81888 opp 11811881.

1118818818, 81181888 opp‘. 1881118 18. 88.

1181881818 0118, 811188, 888888181818 18.
184. 481. 488. 888. 818, ,

1188181118,81111.8818118881.8888 888. 888.

’ 11111818 (11118818) 811.
- 118811,811,8.8810881188188,818888 1111118188

111.
’11181181 81188 11188888, 811. 8. 81 1181188181.
111818, 811. 8 p. 1. [18111888 888818.
111818, 811. 8. p. 81. 8118188818 811.
ι 111811881 (1111181888) 8118, p. 1. zum (8888
11. e. p.) 18.
· 111188188188, 81111881. (11888 1. 8. d. 1811111181
opp.) 188. 888. 888.
118181111888,811.881.11188188181181.188.
11181818 (1888118) 811. ·
111881881818 (1881881881 811.
1888111881818((188811811188) 811. 8 p 1. 088-
(11888888. ,
,, 1888118188181.18881188.418,“’
· ’ 1818118818818(18181811888) 811.
1818811818818 (1818188188) 111’.’” 8 ’811. 111811·
8888 888.
11181881,18.88.888888111ι1.
1818118818 (1181881188) 80.
1181811881, 111188. p. 8118818 111118 8888 881.
18188188 (11818811) 811.
1811881118, 8118, p. 1111881811ἂὸ 118.
11181888188881818881111818.
1881888188,1118.81.1 188118888181111,188. 188
111. >

’ 1888881181. 888. 181. 418. 148. «
. 181181118188818111, 11881111. 1881188 818

‚ 1111811188, 811. 11. 8. p. 811888 8181811111 opp 88.
M. 111, 110. 111. 118. 111. · ’

1181888181,81111.88811888 cracoviam 48 88. 81.
11. 111 111,111.111-111,110,111,101,111.

1118, 88181118 884.

1188881818, 811. 8, pd.¹ 8181881 818. 888.

1111881818 (1811881811.) 81).

. 1181188 Paulus, 18 8881. 1811881118 888.

1181118,118111188(11818) 811,

. 1Ι8181188,118111818 11881111. 18118118 181. 118.
1181118 111181 (11818) 811.

1181118881 (11818111) 811.

ΖΙ81118 118 81111. 1181118111 888. ·

1181118 de 1118 181181 181

· 1188, 811 8818818888 18.

·- 7811, 8 p. 1 1181818818 118. , ‘-

- 11188.11881881111888.,181 ·
1181811181, 811 18 8 ’88818818 1181888118. m ’
18118181, 18118181 8818 (18118181) opp. 8, 188.
18118181 Α811888 (11118181 Suq) 111 188 p

propo 11818888 opp. 481. 184. 481, ’
18118181111188881,Ι 1118118 8811888181. 0818188 818.

’ 111. 111, ,

de 1118118, 118 188888 111881. 881181881. 11111818.
410. 111, 111.

1881181811 (18811818) 811. 8 p. 10818118 848.

18811881 (181888 1181118 p. 811888 1111881811 18. ,

811188 (181188) 8111. p. 8. 11818 881. 111.
1811881818, 88111118 188188.. ·
1811188, 8118118888 811 ’
188111818818811818111888, 188. 888. ·
118818, 811 881. 8888818 811188 0118181811 ’881. .
188,
1188181, 811 118. p. 818888 1188188 888181. ·

¹ < 11811888,111,88,108118118,

1881181118 (11181818) 811
1111818811 prope 01181181 88.

1818888 111818818114.118118,

’ 181111.81181,111 b. 1. 8. 81 11188841 propp⁵ 018· ·

80118181111111.111111111101114. .

1811188810) 811 188.

181818,811.111118 11818118 pt 0818118 884,

1818188(1)81188, 1 wionem 118.

18181811, opp 888.

1818811881 (undamn) 811,

1881118118 1181111.8881188 88118, 01188118.

1881118(1)811,188, · ·,

181881 118888 (18188) 8118811118 118181.
110, 411,

. 1818818181(18818881)1118811188188. ’

188181881818118888818 (18188188) 811
1881811188 (1181881801. ¹

18 1881881101 1181881118 881.
1818188181888111881.·.181881 8818 0118818181.
1881888881 (11818888)111. ’

188811, 1818188181· 11.

1818818 (11881888) 111.
18181811188188881,111188 881 · .
18181188 (18181111) 811.

18111818. 81818 888.

181188, 881118 0188811818. 84, “ ,
1811888118(18188188)8118 8111118188881188 888
18818811 (1881888 118818, 88. 11. ’ ·
188881118118888 (118118 11818) 111. 8, p. 118· ’
8188 88. 88.
181888188088111881888181. s

aptant—.-

 

