3(

, 111101

000010, vn. 1. 0. 0.,0000110100111-’11 'ms 0010001 00100 00111101.

9000010,1’011011100,90110010, 90101100 (90100) 9011111 10100001 11001. 1110001100. 101. ’
1100 00. 41. 41. 00. 00. 101 110. 000 411. Ι 9011110 10100 0011001100. 01.
101. 411. 110. 040. 901011ογ0, 01000110 010.

9010100110 de 0110. 81010101 01. 9010100011010, 9010100010ωο (9011100101.) 111.
9011100100,111.00.11.0001011101. 9010110010, 1010100100, Potamon, 9011110100
9010010011 (1100101011) 111 (9111110110) 01010 ·
9010011· (1101110111) 111. 9010011110 (90100110) 111.

900101001010(1)111. 0 0. 11. 10011ιο 111. 9000001401οι0 (90100011001111.
901100100110,111 11. 00. 01000 Non 000101. 90100100 (10110100) 111.

400. 110. 141-111. 110111. 111-110. 9010111110 (9011011011 111. 0. 011. 1111000110 111,
90110000 (90110010) 111. 00. (1. 1110101111 110. 100. 9010100100, 111. 0 0. (1.110110011011100 140.
9000001110,1’011010(1110, 9010101100 wodemo) 96110110, 01011 10. 11. 00. 01. 11110001.

· 111. ι , 10001110. 101. 101. 100. 111. m. m.
10 9000100111, 01101 do ’1011100 11100101 01111101 141. 100. 111. 104. 100. 100. 100. 100. 101.

00000110 110. , 001. 000. 001. 041. 010. 011. 000-011. 401.
1011001110 101100110011101011. 440. 400. 100. 110. 414. ’110. 440. 440. 4111001.
9011100010, Ρο1110000, 9001000010 (1000101011 , 101. 110. 101. 010. ,
90110001100011101111) 110 0101. 1101110100. ’ 9010111 00101111, 111. 0. 0. d. 0110101110. 110.
9001010, Ρο11101011)111.’00“.11. 1101108001 101110. 9001100, 01100 111. 000.

90010110,111. 01000 1100100001 10. 9001101 (1) 111. 401.

9001000100110 de 0101. 1001015100. 9001000 (9001100) 01110

900100110 (1101110110) 111. “ Ι 9010000001 (9010100010) 111. 0 0. d. 100101 010.
9001010, 01100111110001010100 01. 01. 117. 110. 9011101,100110111 014. ·

- 111. 0 0. 1191110001100. ’ 9001000010(Ρο01011001111.1000.0100011110·

- 111. 0. 0. (1. 81010110 (01100 00111111· 1101001. ·

1101) 110. “ ’ , 9000110111. 0. 0. (1. 8100100101 100.
9000οω01010 110 0110. (1101011. , , “ 9000001010 (90001100) 1110. 0.(12011011001 010.
9011010110, 111 0 0. (1.(111611 110. ¹· 017. - ·

9000110110 (90101000) 1111011. 20101 01. 9000010010 1010010001011000101 (900011000111
9000100 (Ρο11010) 111. 0. 0. d. 91100611 0011. 1. 0. (1. 1110ςί011 41.

- (1010101111. 1. 0. 1. 11010111 000. 004. 900001, 1000011 (100001) 001. 1. 010.
de 9000100 0001110111, 110 0101. 1111010010 000. 9011111110 (9010110 muna) 11110 0 0. 01000 Tu·
9000000001(1’011οΙ10100)000. 1. 11611 0111. 000. Ι ,
901011011οιοζΡο1101011010,90101010010190111101100) 9010111100 1110000, 901000ᾱο1010 0001011111.
· 11110000100011110110111011.100.110110. 0001000110111101010. 110101. ’ '

10. · ’ 00010010 1011000, 1110 01000 (10000101 111
90000110 (90000101) 01010 100. 0. 011. 9010110 00100 100. 100. ’
90000010 woh, vil. 0. 0. 11. 8111101001 011. 90100 11100Ιο00 (10 mn. 1111100 00110. cmo. 101.
9000110110 1100101. 1101110 111. 9010001010111 (1110110) 01010 ·

9000110100, 9001100101 (9001111161) 111. 11. 0. 0. 9000100100, 111. 1. 0. 11. (101110, 01000 9011101100

01000 1111111100 100. 114. 101. 111. 110.

90101001100110, 111. 0 0. 101010101100101. 9001110γο (9010111101 1110. 0. sl. 0001111 141.
90111000101, 111. 1. 0. (1. 10111011 440. 901001001010 (1001000101,
9010001, 1010010011, Ρο1000000(90100100100.11.0. 9000110011, 90010110 (10001110) 111. 1. 0. (1. 110·

p. ³⁰1. (101. ⁴⁰2. ’ nima 50,

90100111 111. 1. 0. 1111011001οο 111. 9000οΜ01100. 1110010111. (11110111 111.
90100001010 (1’010001100)111.00.11.(1001000 1³2 9001001100111. 0. 0. d. 1110001100 101.

110. 101. 111.. · 9001001010, 901110100100101011001111. 0 0. 11.
90100001010 (90100011001111. 1110100 101.
90100000110110 0101. 1101 110. 90011γο1101. 10110111 111111. 1101010110 11.
9011011100 1101101001) 111. 1111. · 90οι1111000 (1101111110) 111.
9011001101 (1) 111. 1111. 900100001111. 011.
90110100. 111. 1, p. 11. 111011111101 001. 9010010110,1101101110·11001101111011101011111101.
90111010100,111.1. 0111100101ιο 111. 111. 110. 9011101111’11111111 111.

1111. 90100101000 11111111011101111.

 

