11

8131313133, 1131113113 1113113331 111.

83313 111· 1131. 1111313113 334.

81133 11133111 111. 111111311113 339.
81113313,111.3. 11. 11. 1131133133, 393. 314.
83113313, 111. s. 11. 3. 113111311333411-419.
81313313, 111. 3. 11. 11. 3113131111 33. 333. 333.
811133133113, 1113111111 iu 111. 11333111 133.
aarum, 311113131311311. 113 ’3313111333 143.
83133, 111. 11. 3. 11. 1113113 31111. 1111133 434. 411.
811131113111331331111. 3113113111 1113.
8331331313 (11311311κί313) 111. ¹
813111313111131111113111111. 11311131133113 419. 439.
8333313333311133131. 813313 193.
8331113111111 33 urm. 1113311113 443.

’ 83313311313,1·11. 11. 11. 11. 1111311333.

113 8113311331 3311311. uun. 11311111, 1111111133. 11.Ι

81111111 1131111111 414.
831311111393131313 11331. 399.

· 81313313, 1·3111111111·39111111,33. 33.

81113311, 111. 1113113 33131311 31111. 194.

113 81113131 (113931. 1133111133 1133133131) 331.

&nutum (nassonia) vil.
8313331313, 1111113111313 (1131331331 111.
811111, tartaronum dux 339.

81133133, 111. s. 1131113111313111334319. 133.

157. 8011. 811.
33 8181331313 31331111 31 8131111133 113.

831331 (831131) 111. 13331111 1333 nunc 31111111 113-

1113111 11311113 cracoviam 111. 113.
33811331 33113113313111111 111.
81311331313 (8331133133) 111.

83111111 131131311331311111133111333111. regul Polo·

' 131.
8313111111, 111. 11. 3. 11. 1111130131 31 8333111111 31111. 19.
8331113313 11) 11113. 133.

8331113 1113133 (1111311131 111. 11. 3. 11. 1113113 31111.

1131111113. 313. auo-35⁶2. 193.

8331113 11111131· 1833133113) 111.· s. 11. 11. 11331113 331,

8391313 1111391311) 111.

831311, molendinarius in 111. 1111131311133 119. 11.

831311313 1831311133) 111. 1113113 31111. 113311. 331.

8311113,11133 193.

8311331 3311311. miles 1311,

8311313 1113113111 111. 11.11.11.311311311·1 19111. 3311.

8333311113131313, 111. s. 11. 3. 1131311133 11.

831331, 111. 1113113 31111. Κ1111111111311 3114.

83131931 1113113311313) 111. 1113113 Ζ1131311 31111. 433.

8331331331 8331111311. 133.

83313113 1113111111313311111111.

8313113113313113, 11331313 (11311331111.

831183131111311111111)111. 11. 3. 11. 113.

8311313311 (11133111133131111,

8311311311,111113111311113 31111. 11311313 331.

83313133, 111. 1113113 31111. 1111131113 13111,

hym, vil. h· 3. 11. prope 011333133111. 133.
141. 118. 318.

8131113111, 111. 11111113 31111. 1113113 473.

8931911, 111. 3.· 11. 11. 13111331· 33. 33.

89311113, 111. u 11. 3. 83131133 414.

8131313133, 111. 1. 11. 3. 111311113131313.

81311, fluv. 334. 331. 313. 311.

81111, 111. 11. 3. 11. 1131133 31111. 313311 1.

81111, 111. s. 11. 3. 31111133, 1113113 ’11111311 3111.

81111, 111. 1113113 31111. 1131311. 13.

8111131313,3111113313 11 3. 11. 313. 333. 333. 331.
1173. ³77.

8111131333111 81111311 33 unu. 0313311333. 311.

8111331311, 133111 in suburbio cruc. 113.

8131113, 111. u p. 31111111111133 33 fluv. 11131133 1.

81113111191, 31111. 391.

81111 11313131, 111. 11. 3. 11. 3131301313. 133.

8113311311, Ι111131311113111111 (8113311113) 31133144.
143. «433.

Biblon, 11111. 48. 118. 117. 888. 818.

3131113 (11111131) 111. 1. 11. 3 3131311111 31. 111. 111.

813111313 (1113111331 111.

813111113 1111111111. uum. 111331113313.

81311111, 111. iutra 0111111 31 0113133 333.

33 8133113111 31131 33 8311133133 Georgius 399.

8133333313 33 3131. Ρ33311 311.

81331, 31111. 11. 3. 11. 433. 139. 1911.

813331133313, 111. 1111. 3. stupis 8131113131 191.

81313111133333, 111. prope opp. 11333 31111113
11313113 111. 111.

8139311133 (8139113133) 111.

8139111313,111. s. p. 3. 1111311933 13. .

81391313, 111. s. 11. 3. 81111333 138.

8139113133 111. 11. 11. 3. Nowy 11131 333. 311.

8131331113 (1113133111) 33111111. 1131131111 311.

8131111313 11331111. 113131( 343.

8131313133, 111. 3. 11. d. 01133133 333.

8131331133, 111. 11. 11.· 3. 113111-81131333.331.311.

8131313113 11331111. 1133131331 233. 239.

8133113133 111131 1113113113, 111111 11. 3, 11. 1113113
1113314311,

813331131311113113111 1 111. s, 11. (1.1111311131311133
19119.

81331113313 1131111111 313.

8131111113, 1111. s. p. 3. 11113113 313.

81331131133,111. 1. 11. 3. 3333133133 413.

81331333, 111. 11. 11. 3. 1131111331.

81313113311, 111. 11. 311. 1113113 311313 31111. 111.
851.

8131133111, 111. 11. 3. p. 1111111 31111. 81131113 31
1113113111 93.

81313111, 111. s. 11. 301131133133 113.

8131111313, 111. 11. 3. 11. 1113113 31111. 1113113313 13.
111. 118. 1111.

811313, 111. u. 11. 11. 0111113311 311.

81131313, 111. 11. 11. 11. cuuto! 411. sse. 4111.

8111111 1113111111) 31313. ,

81933313311131131) 1111113

 

