xxvlu

77177771· 177177, 717477 1771771, 470. · 7177171717 77 1177177177 107. 747. 117.

1114411717,111717077111717770177·1177071444.7111.
447. - ’ 77 1707171077 701777704, 7777171400 1771717777,

11170777, 777. 777· 174

117777777111011777,7171 177111107177717.17771117771771110711117771771711 1701717771717 Δ

1710771171 (1117771777 711. prope 1717111477. opp 777. 774. .
111777177411177417.Ρ71107107117. 17771177170171071111071177711177171171741. Kot-

1717771077 (1117771771 7117. 711 d 1117177017, propo 7117 7411. 777· .
11771111 opp. 777. 710. , , 77 17071701 707177 christinus 170
1717777171, 7110417771 1111077071) 711 , , 7101117, 7101117, 71177 0171717777 (11011171 711
7147771771077 (1107770717) 711. · ’ 1171111017 (1170071771 1. 17. 77. 71. 71. 741
7117177177·11,14177717177711,111777170771177 ·107. 117· 177. 717. 771. ·-
4771 81771107 47. 77. 117. 177. 147 147. 1771117171, 11011771 (7101117171) 711 1771, 1777177
171. .. ’ op. 8147771717 77. 71 17107..

171077171717107711710771710111771711. 71771111· 1771777101111017710171111.7.1.01 74117177, 47

. 77717 77. 77. 177. 717. 477. . 777.11177,777777771777177. 747717777. .

· 171077071111107110711711 ” 177777.
17177707411 77 7717. Το107 477. 777101117710 Florianus, 77 tm 771114, 41147· -

1717777171 71717711110770171 77171711. 711 7. 01700. 777171. .
1710770171 7717 477. 17717771177777777111777.77. 47. 74. ·

1110777141 71117777 1111077071 717171 711. 17 717171177177717, viLnfflpdDzikow 47117711147711.Ι ⁹
1170177 1117177771 171. 147. 141. 417. 417. 477. 170177 701777. 77770 0177707177. 74
1 477. . · 7141147777,717171117707717177. 777.

701717770177 7777771 presb. 777.· 17011777 117717, 71710017 747.

17101710771077 111101107177) 711717 71177 770. 1701177147, 71717014 747.

171717 1177717, 71717 (177707. 77. , ’ 17077177,711.11.7.17.1177177 opp. 11717177 471
17717, 71117. 7 p 17ομ 1177077177 177. 777. 4.77 477 747. 747-741.
177140114111117174171711 · « ··1777417717717771418771111017771717117 .
. 1771410177 110117, 71147 1117771071777 (11177710- 1777771107711107771771711.11.7.171770177 stm-
71771711 · 777777 777

J 1771177411, 7111. 7. 1717117 81171770 71 11017777 17777171707777777.Ρο17717717.

101110. · 1 . “ 77 1707771771 17771717, 4177771. 11771771, 177441.. ’

Ἂ7714ι717, 711. 4. 1. 7 nom 771. , ’ 777. ·
7771417711, 711. 7 p. 7. 8177710777. 1777771717717771. 77 01777717,1)1·7711.171. ¹
1717107711771111107. . · 71077111 77 7777 'sopor 174.
1771177717, 711 7 p. 7 Β17771ο 41777 77. . 170710777711101171777711711
a ·- 7111170177 1707707177 707. 1707107707, 71111. 7. p. 17117 wadum· 71 So·
1771771177171111 07171701 Ι17-11. · ·
1717177411 77 77171107177177. 7717071077017, 71071077017711, 77 4777. 1111774.
17717711111711711177777771177777, “ 17. 71. 77. 717. 144. 777. 7
1771717471 1117177711 70171174 77 7777. 771117 71.- 1777777771077 11107774771771 711. 717. 7. 0117144
1171717711 77 777.11177717771.477.477. ἶ 77 fluv 11717 77.
1717071070 1117177177) 711. 17777777771777· 17107777771771711. 7. p 7 71717777,
771771407017 111001 77 77711. emenia, 07110. 1777710171 77 7771. 11711077 7111. 1 ’
(17777177. “ 1701110717,Μο1117717,1177. 1411. · ν·
1771177711 (117171711711.Ι 1701171774 77717 11711717 111011777 7771711741
1771771771777 71177 1171771077 11014111177117 711. 7. p. 7. (1077107 711. 714. “ “
7177171 170117774717017701717,71177.41; 7171747771 1111
Μ11111110,17071177117471117017071771711 1701077, 7117. p. 7. 1117177 447. 4111. 77
s 1777177771· 1177711707, 71717017 747. 7170071717, 111 7. p. 7. 0100777 711 · ”

’71771147741741117177777 1777117777111,7777171.177711177,1770170171.7171717114117.Ι =.² ·

1’1111111811 θ10·71101777,711.1170110 Β777771111777177. 2
1777171477 77717711107171771711. 17 7171710117 17717017 (1171771071). ¹ ·
1177711777 117. 777. 777, 707. . 7417117777 1117717777) 711. 1. 7. p. 1777 hp·

1777171444 7117177, [0711117111 11071111111717 17177 71 1707717147 177. 171. 407. ¹¹· ’

 

