4444441144 cum fratribus, ’(14 arm. 14441444 444.
- (14 arm. 144 444. 444.
- 144444101444114414444444.
4444441444 (11444411 441.
41414144, opp. 2. 444. 444.
(14 4441144444 04444,1)14414444(144444.4414141
⁸ Polo. 4444141141.

Α 44444414,441. 14.4.1.11414114(14114444(1
· · 44444444 (11411441) 141. ·
¹ 414414 (11441414 41144 11411411) 41444 44. 41.. 44.

414144444144.11444441“4444.
4144411414, 4144444 444.
4144114143414414444,4144314444441
(14 44144444 341441414411441). 441. ’
44144441( Fabri, 4444144444 (1411411444 444.
4114441444 (1411416411 141. ·
44144414441444 (4114441414441 141.
(14 44144444, ’Μ144414141 (11444ο141111 (14 4144
441411444441. 4141 444.
441444, agricola 444. .
41144411, agricola 444.
44144114, agricolam.
4414114111, 141. 141414 (1144414444 444.·
44141444 (14141611 141. h. o. 1111414 1144141114
313. 331. 343. ³³⁴. 333-333, 431.
44141411444 (11111414441111. 1 1. (1 4114141444.
4114414444 (Μ44414411 41114.
441444411444,(Μ14444144411.141 ’ .
4414444441 (1114411411) (14 4144. 4441414 444.
41144441444,111444414144, 41444 1114441114 (1414141-
4141, 1144441441 (1444 44 monarcha Ρ41444 441.
41144411414111144111.114144144444.444. 444.

Δ 441444114144(1111(14114141111.

(14 4414441141441444444, (1441444 ’14141 144.

- Jacob. 44 1444414414114114144

437.
44,14(14441444 4144411414 (111441144411111.
1414444444 (1144414141.·
14144411444144411444141(44444444.
4114144144 (4114144141 fluv.
4414144444 (1144114611) 11141 (1. 11414141144444.
441444444 (4144144441 141. ·
441444141411844414144441. 444.
4411441444, 141 prope 411. (1444444414 44.
1411141444 (4141141611 op.
44114441, 4444144441 44.
141141441444 (1114144141111.
(14 4111141444 1444444, 4444. (11444 144.
4411414441444 (1114141411441 111.
’ 411441411444141111.
4411411444,1411441444 (1411444441141.
4114414444 (14114441) vil.
4414141441444 (1114441414411114 1. (1. 1141414·
ωηο.-

4414141144, op. 4. 4. 1144144.
4414114444 (111141441411.
1414414114 (4141444) 11. 4 1444141111.
441414444441, nobiles (11414434441414144 44.

141. 444. 141144

“ 44)
, xmo(

Mytlowlou (1114141444) 111 11. 4. 1. 44444 411

444. 10³. 444. ⁷
44144444, taberna 444 111 11144414 100 .
41144144441444, 11114414411414 (1414414411441 111.
mython· (41414) 11. s. 1. 4. 44414441. '

N⁰'.

113.

4444144444 (114414114ιί41 141. 114144 11411411 444.
41444444 (11141444 11441 111
marmanum, 4441441444 447. ·

· ’ 41441441114441.114(1111114144,1144144711.Ι -'

44444444, 141 41111414444144144. 141.

¹ - 444114441444 (1411414441411. 4. 4 1411414411 ·
” 01414. 441.

4441441444444111441. 4 1. (4. 1141444144 414
4441444114 (1441144 ’14141144

. 4441444,1414.4.1.14414 14414144. ·

44411141 (1141141141. , ·

44414144, 14411444, 1141144444 (11411441 41414114.
314. 333. 334. 337. 348. 344.

·44411(4144, 41444. (114441. 4. 444. 1441144.

44414144,111. 4. p: d. 1141411441 41.

4441414411 1144144.114114441. -· '

4144414141, 1444414141 ,144414 (44 0441411444, 44
4144. 'sopor 10. 144. 444. 444. 444.

44444414444444444, 114441444414444, 1144444411·
444,1144114414411444(11444444411441114444.ι
143.

(14 4444414444441444 sbigneu· (14 4111. 11111, Ι
4411144. 0144411444144.

44444144 (14 arm. 14141 14.

,Δ 44441444 (4414441 41414 444. 444.

444441144 (14 1144444411, (144111. ’1414114444 “
4144111444441.
444444441444, (1141414144) 1114. 4. 1. 11414 414-

· (1414141 144.
, 444444441444,11414141444141444144111141, Ι

(1014141441144 444. 444
(14 4441414444 41414444 474. ·
444444144441614,141..4 1111441414 144.

· 4441414114 14144 (1141411114) 111 4 1. (1 No·

mmmmm
4144414414,414144111111444114 14.

’ , 4444414,14441444444.

4444144144141 (11444144411441111 .

’· 4441141414 141414, 41144 Τ14144 14 41111. 'sopor

337. 313.
4441,11ιι1.41.4 444. 441-444.
4441444,1141. 444. 444. 471. ·
4414144444 (14 ann. 8111444444 141. ·
44444444 4444411 (1444444. 4444 A. 444. ·
- (14 mn. (1111444. ·

 

