111
01100001 011001 (0101100 10110) 011000. 0101· 01011010 (0101100) 011. h. 0. p. 01000 011000. 04. “

00111. ⁴⁴⁸. ⁸³. 101. «100. 107.

. οη0100101001010(0100101101001100)00 01011010100011100100111 101.
0100100111ιο (0101001000) 011. 0111111010 (01001100) 011.
· , 0110111 111001. 00 0111. 110100 000* 01001010, 011. 0. p. ’0. Patet-mlo· 104. 100.
0110111 0100101 00110101, 00 1110110100, 01000. 0101111101, 01011 00 ’101000 000.
cm 110. · 0101011101 00 nrm. 11000014.
0110111 suntal. 00 1100100001, 00 tm 110100, 010010001010, 0101οο00010 (01000100) 011.
0110. 0110 101. 010. 01000104 101000 (011010 0101100) 011.
οο0001010(011100100) 011. ’ 01010001010 (0110001100) 00. ·
010οο001110, 000101. 1101101 110. 0100000000 (0110011010) nobil.
01001000 (0100111) 011 0100111011, 0010110 101.
. 01011600, opp. 00. 110. 111. 104. 110. 0100101 Petrus 00 1100011, 01011100 001.
0100001000 (0100100110) 011 01001000110 (0111000111) 011.
01001100, 011 0 p. 0 11011110 100. 0100100010 (0111000) 011. .
0100110010 woly· 11111 0100000110, 011. 0 (1.0 010110οΜ011 (0110100100) 011.
1011100041. 111. 0100111011 (01011001) 011
0100110, 011 tp. 111100010όο 111. 141. - (01010010) 011
0001010011)νο ‘ 00000001010100 ='
0100100111 (1) 011 prope 00111010111010. · 0100110000, 0100101010 (01010110) 0101101. 00
, 0100101100 (0100101100) 011. 010.010101ι,0001.0001.111.401.
01000100001, 01010 011000. 04. , 01001001010111001 001110. 0101010101. m.
011Ιο110101.οο110011100,0100. 001. 0100000011οο 0100 1110100111.
01000000100(01010101111111) opp. 1. 0100001 (010010) 011.
010000, 01110100 000. 0100110001ιο 1100100111 (0101001111) 00 tm ⁵ ’
01000110, 011 1 p. 0 0010 00001110 110. serem 140.
01000000, 01110 0. p. 010000001111001011 001. 010001011010000000)110101111101110414.
010000, 00110010 040. 141. ’ .
0100010010, 011 0 p. 0. 1001000111. 110. 0100000000ιο (0001000100111.
- 0100011001, 011. 0 p. d. 0010100100 111. 111. 0100101(010101)0110101.·01001.101.
000. · 0100111000οι (010101) 11111.
&cmm 0610, vll. 001111101100100. 104. 0100100000 (0010111001) 011.
0101100100 00 1110. strepa 00. 0101001100, 0101001100 (0101011100) 011
01011001 (0101001) 011. , 0100010000010,010100001100, (01011110011011. ’
010011 Petrus 00 0111001, 01001). 114. 0100010 (01010100) 011. ’
’0100111001 011100 01 101000 (0101110010) 011 0101000 (01010110) 011.
01001110 00 0111. 1101100 40. 010100100010 (0101010000) 001.
01010000, 00001101, 011000, mmm 11. 0101010001 0011 (010100010011)011.
01. 101. 410. 414. 140. 01001110 1000101101 111.
0101001, 10110011 140. . 0101010111 (01000) vil.
010000οκ000, 011 10110 opp: 0001011 01 1111· 010010010οο (01010000) 011. 0. p. 0. 100100111.
1110010011. 01011010 (0101001) 111 h„ 0. p. 01000 0101011041
0100100οο01, opp. 1. 1011110100. ‚ ·
0110001101 (001001) 01111 ’ 010100, 011. s. p. 0. Bardo 114. 411.
0110111011100111100) 011 0101000, 011. 0. p. 0. 11110110, propo (1000 00.
0111001010 00 nnn. 110000 11. , 11. 01. 110.
0111100 00111111 1111 Am, 100101 Polou. 110. cnm, vil. 0. p. 0. 01011000 0.
0110000010, 0101001000, 10111000 010. 00 0101001, 0101001111 00 4πο. 00110110 40. 104. α
01101101 (0101000) 011. 100. 101. 104. 101. 1111110101.
01111010 (010100) 011. 0101000, 011. 0. p. 4111100111 110.
cle 01101010 (00 010100) 110111. Ι D
0110100010 (0101000111 00111 ·
011100 (010100) 011. 01100 (110100) vil. 011001.
0101011 (010101) presb. 100. 1111100 (1101111111.
01011 (0110001) 011. nnnc 000. 010, ) 00 01011Ι Petrus. 10000011100010, 00111101·
0111010 (01104010) 011. j 1001 111.

1101100. 10001

 

