(11

1111))

do 11111111111111 1111111111 111. ’ 1111111111, 111. 1. p. 11. 111111111πὶ111 141.
1111111111,(1111111111111111111 111111 111. 111111111111111, 111. 1. p. (1.1111111111 114.
4 1111111. 1111111111. 114111 1111 A. 1111111111(1111111111),11111111141.
111. 111. , 111111, agricola 141. ,
1111111111 11111111. 1111111111. 411. 1111111111, 1111111111 (11111111)111.1 1111111»
·- 111111 11111111111111111. 1111111111,
1111111111 (1111111111) opp. 111. 1111111111 111 arm. 1111111114.
1111111111111 (1111111111) fluv. 1. 1111111111 (1111111111).
1111111 (1111) opp. · 1111111111111 (1111111πί11) 111. 1. 1111111·
11111111111111,11111111. 01111111, episc. 01111. 11111111 141.
111. 141. 111. Ι 11111111111111 (1111111111) 111. 111. 11. 11111-
- 1111111111 (11111. 1141 11 1141 Α. 411. 111. 1111111 1111. ·
11111111111,111.11. 1. p. 1111111111. 111. 1111111111111 (11111111111)111.1ρ.11.’0111111
1111111111, 111. 1111111114. 111 111-111. 111. 111.
. 1111111111 1111111. doct. 11111. 111.
J . , - de 1111. 11111111 411.
1111111111 (1111111111) 111. 1 p. 11. 111111 11111,
11111111 (1111111111) 111. 1 p. (1Ρ1111611441. 111. 111.
- 1111111111)1111-.111.111. 11111111 (11111111) 111111.
111111111111111111211111111,1111111.011ο)1,’111111 1111111111 (1111111111) 111. 1. p. 11. 11111111 11111
181. ’ = - 111.
111111111111111Β1111111111. 1111111111111111111. =
-· 11111111.111111111111ο1. 11111111,1111111 11111111111111111. ‚.
- 11111111. 01111111 111. 1111111111 (1111111111)111. 1. p. ’(1.11111111111.
- 1111111. 0111111111. 11111111111 (1111116111) 111. 1. p. (1111111-
1111(1) opp. 1111). 11111 11.
1111111111) (1111111111) 111111111111 Β1111141 1111111111111 (1111111111) 111. 1 p. 11. 21111111,
op. 11. 111. prope 1111111111 11.
1111111111) (1111111111) 1111111811111111111111. 1111111111 111 11111111, 1111111111111 1111111111, 11· ’
1111111,111111111111111111111411. 11111ρὶ. 111111. 111. 111. 111. 114. 111. 111.
11111111 (1111111) 111. 111811111111111114. 111. 411. 111-111, 111. ’
11111111111 (1111111111) 111. 11111Ρ111111111 1111111111111111. 111111, archidiae. 111111. 1111
111. Α. 111. 111. “
11111111111, 111. prope 1111111111, 111 litus 111111· 11111111111111111111, nobil. 111.
111 111. (1111111111 1111111111). 1111. ¹
11111111111 1111111111011111111111 1111111111) 111. ,111111111111 1111111· (1111111111) 111. 11. e. p. 441.
1. p. 11. 1111 111. 1111111111) 81111111 1111, 114. ·
11111111111 (1111111111) 111. 1. [111. 8111111111 11111111 (1111111111. ,
1111. 11111111111 (1111111111) 111.
11111111114 (1111111111)111.111. 11. 11111 111. 11111 Paulus 111.
1111111111, 11111111 (11111111) 111. 1. p. d. 0111· 1111111, 111. 11. 1. p. prope 11111111 opp. 111.
tow 111. 111. 111. 141. - - 111. s. [1111111111111 111.
1111111111(111111111)111.11. (1. 11111] &a 111. 11111111 (1111111111) opp. 1. 1.
1111111114111111. 411. 11111, opp. 1. 411. 411-411.
11111111111111111111111111111111111111111111111, 111111111111 (1111111111) 111. 1. p. (1. Ρ1111111·
(11111111) 111. 1 p. 11111111111111 111. 111, 11. 111.
11111114111411111 (Απι1111111ο11111) 111. 1111111111) 111 1111.Ῥ1111111’111)’11 14.
11111111,111.111. 111111111111111111411. 411. ,1111111111 111. 11. 1. 111111111111111111111.
- 1111111111. 1111111111. 1111111114. ,1111111111111111111111.
111. 114. 1111. 111. 111. 111. 111. 1111. 111. 111111111111’(1111111)11111.1111111111111111
111. 1111111.
1111111, 1111111111 111. . 11111111111111111111 (11111111111111111.
1111111111 (1111111111) 111. 11111111111111. 111111111111111. 1111111111111. 1111111111111, 111·
Pnytyk 1111111111111114, 111.Ι 1111111111111 (1111111111) 1111111111, archieps.
111111111111 (1111111111111111111111) 111. 11. 1. p. (1111111. 11. 1111. 111. 1111. 111. 111. 111. 111.
41111 0111111 11 1111111111 141. m. 111. 1111.

11111811. 111111 5

 

