xvl

04144141 444 4144. 241414 444.
01444444, οη41444,1114444 14111111444414

44144144.
0444444 44 4444 1114441444 444. . ’

44444444 4444411444 mm 1441444 rm
uuffi’m 14444144 44 14144 m
. 11.·

0114444414 (0111441414) 141441 141414 444. 4141444444, 4414414144 11144441. 2111441414 1444.

044144444411414144144) 114441111444414144444.

04414 1444441444 444.

04441444 (04414) 414. 4411444444144, 14 11444.

»14444 444.

cethem 1114144 (0114411114 11444) 414 4 p. 1.
144141444 44 14444 04444. 444. ’

0444444444 144444 1144414444. 444.

0444 Petrus, 41144 (1411411144 414.

044114444,111.14.441444 2411444414

044411444411441444, 41444Μώ444444 (Andru-
44144144) 411

041111444444 (1111144144) 111

0441411144, 0441414144, 04414411141 (Glebul-

04411444 (141444) 411

0444111444, 04411114 (1411044) 44111

04414414 (141144) 41144

0444141414, 0444144144 (14114144) 111

0444444444114 414441 presb. 444.

0444414444, (4141444144) 111

04414 (01414) 111 propo 144441 444.

044114141414441441140441444.« =

04144444441444 (141444444144) 111

0444414 4114 4144144411·

0444444414 (14141444) 111 Α

04444444444 (1114444144) 111

14 04444441444 11411141 14 om 111444,Ι 4444.
Ono). 117.

04444 (4) 111 444.

0444144,111 4 p. 1 14111414 444.

11.

4441441444, 44444144. 444. 444. 444. 444. 441. 444.

147. 110. 111. 111. 111. 101. 111. 111. 111.Ι

111. 111. 111.
4141114144 (1141414111)111. 4 44 1. 1144441444 44.
(1444444444, 4414414 4. p. 1. 11444 1444 444.
11444411141141, 414. 01444. 144.
44444444, 4444 444.
11441444, 44114414 444.
114444141411444 (1444441144, 411. (1411411144. 444.
4444441444 1144414, 411. (11444 44.
414111414144, 411 4 p. 41 84141144 414.
1141111414 (14111444), 111 h. 4 p. 141144 opp. 414·
4444411444 444.7
1144144114( (141114) 411114
11411414, 111. 4 p. 41 (1414441444 44.
1141414414, 1144414444 444.

44444444, mum 1414444444 11444444 444441.
111-111. 111. 111. ³³⁰. ³7³.

A. 414.

11414414, unt-trix 11144441 24141444. 4444. Α.

111.

, 4144444, relicta 14444441 44 4444444444 444.

414414414 1444141444, prot 111441 441. 414.
444144414111,1411414 cnon 14414 1144444. 444. 444.
114411444411441444 (1) 1114144. ·
1144114444 44411 14114, dux 01444 4144141144

111. 111. -

1144114444, dux 1441414411. 441. ,

- 444414114114144 1444 A. 444.
114114141, 44114414 141. ” ’
4441141411, oppidanus 14141444 444.
4144444444, 4444444 04144444. 1444 A. 444.

- 14444 0441411444 444. “

’ 11414444 14 1144111, 14 firm 1111414444, 4444411

1144441444.4111441444441.14441141144.
144441414411,4441444 1441441144 414. 444
-444 414. 444.

1114444, 1144444 14 144414, 4144114 1141414444
444. 444.

414444444414 0441141114 1114414444, 44144 11111444·
11144 144,

144444,11444444,44144 (1444114144114. 441.

11441444 (1141414111 4 p. 1 1114441 41414444 ’
414. 414. 444.

1144441441) 444. 441141. 1. -

4444444411, 44444 0441441, 41444 44. 441. 444. 444.

1144414414, 1444414114 444.

1144414144. 14 01444414 4444. cm. 414.

1414141444, 1414414444 444. ,

141144444414414144.144114 04414114 44.

’14414444 1441141441 447. ·

4444414 14 0414141444 44441.- 444.
41141444144, 111. 4. p 11114414144144 41 ¹

. 1144144144, 411. 44. 1. Libia-⁶1 444.-

4444414144,144144444 44141044141414)11114.
p. 44. 44. 44. 441. ’

4444444414 4411141, 111 44. 1. 4141411 1444144444 411.
441444441444, 1144444414, 1411441444 (11144444, .

⁸ 44) 111.

44114444, 111. 4 p. 1. 1411444,414441“441144·44
444444, 1114441(01144444) opp.

14 4411444414 1414441444, 44444. 01444. 44.
4141144414 14 4114. 11114414 441.

1114, 444. 4. 444.,

1444141414, 441144. 4. prope 11144414 144.
4444444444444 (1114441144) 111.

 

