val

81111111, anno 111.
8111111111 81311111. 1111131111111111113.

81113111111111111111 arm. Zobawo 111. 1111. 1

111811113111331111111111. 111 111111. 2111111111, moon.
1111111111. 1311.

8111313111 8111111111 do 1111. Ζ1111111 131.

8111111311, 11111112111113111111 Gora 1111. 1117.

811113111111111 Adam 111.

81111311, 1111111131 (1) 111. h. e. p. 3111. 313. 343.

8111131111, fluv. 437.

81131131311 (Smoniowioo) vil.

81111316131111111, 1111111, decan. 8111113111313.

813131311113, 8131331111111311111113) 111.

’ 1111101313111111 113. 341.

Ι8111113111111 (8111311111) 111. 111. 1013113111
116.

. 8111111311 (8113111111 111. s. 11. 1. 1111111111 317.

81111111111111111 11111. 8113131111 141. 474.

8111313113111331, Swyoszkowiczo 111 111. 1. p. 1.
1111111ἰὸ17 1154. 111.

81111111111133, 8111111131, 811111313111
{So-iocorum) vil.

⁸ 811111111111118111111111111111. “

11 811111113ψί11 11111111,1311111 1111111111,
111113. 11111111. 133. 1111.

8111111111 11 11111. 1111111 133.

8111111111 (8111111111) 111

81111111, 8111111111 (81111111) 111.

8111131111 (8111111111) 111.

811131111111, 8111111111 (811111111111 111.

81131111111111, 811111111111118111111111111) 111

811111111311 (2111111111111111.

8111111331, 3111311111, (ooo. 01111. 313. ooo.

8111111111, 8111111114 (81111111) 1111111113.

8111131113, 8111111113 (8111111111) 111.

8111113111111 11 1111113111 331.

8111111111131111. nobil. 337.

« do 811111131131, 8111113111 1111111. 1111111,
1311113131 311, 113, 31111. 138.

8111311111 (8111111111) 111. ,

811111113111111111111, nob. 13.

81111111, 8111111111) 111. 11. 111. 1111. 313. 313.

811113, 111. s. 11. 11. 11111111 313.

8111131113 (8311131111) opp.

8131111113,1111111111111 111. 1113111111 11.

81111311111 111111. 11 [1311131111111111. 1311.

8111111111 (8111111 111

de 811111 Dorotheou 133.

- - 1111111311, 1111111. 8311111111. 373.

- - ,11131 11111111. 11111113, 11113. (11313.
31137. “

ulo 81113811111111111111, 11 orm. 11111113 31.

8111111, agricolo 1111.

8111313111111 181111111311111 111.

8113333111, 811111111111311113) 111.
8113311111111113111. (1111 13.
811311311131 (8111111111) 111.
8113111, 111. prope 31111. 113111 331-333.
8113111111,11111 111. 111. 411. 414.
8111111 olias Konopko, 1111111111 1111.
833113111111. 1311111111 313.

83111111131, 111. 1. p. 1. 11111111 1117.
833131111 (81131111) 111. , ,
8311111111 (8111111111) 1311111111 111. Τ31111 131.

- Ἰ1111111101311111311.
8111311313111333, 81111113111111, 81113113
1111131 (1111111311111111. ·
8131311111311111131333. 341. 313. 111.
- 11111111113101311331.
- Petrus, 11131111.113111.1. 113. 111.
-. Petrus junior, 1111111111. cneo. 331. y
3111. 343. 331.
83311113111131111, 313. 371. 373. ·
83111111 11 [um. 1131111313.
83311113311 1211111111) 111.
833111131(831111111 13111111 133.
81311111331311 (8113111111) 111.
11 8111131111 Petrus 11 1111111113 1111111Ρ1Υ
111111 171.
8311 (Son) 11111.

4 813131111111111111111111) 111.

831113111 11111331 (Scotino 11111111) 111.
81311111113111333 1811311111111) 111
8311131111. h. 1 p. prope 1111111 173. ··
8311111111 (31111111) 111. ²
8311111111111. s. 111. xijo 133.

8331111331 1111111111) 111.

8331113111311111111. 1. p. d. 3111111113 3311. 133.
8311111113, 111. 1 11. 1. 1111111311 11.

833111, 8311113, 1013113111111111. 1113. 1333113.
mmmm

8131311111, 111111111111111111. 113.
811113311111111.11111 1337.
8113311111, 111. 1111. 1113113311. 111113 313.
8313111131,111.11. 1. p. 1113111 op. 11111111 311.
1111. 1111.
83131111, 111. 1. p. 1. 1131ιί113 3411.
833131113311, 11111. 1. 8113111111 333. 3311. 331.
83333111111, 111. h. 1. p. (1111111 11111111) 31 finos
111111 31-33.
83131111311131, 111. 1. p. 1. 1131111111 11.
- 111. 1. p. 1113131111 111311.
²15. ²17. 612.
83131111311131, vil. 1. p. d. 111131313111 5313311.
8313111131, 1111111. 1131111111 131. 173.
8311111111, 111. 1. 111. Ρ111311 431. ³
833111311, 111. cum 1131131111·11311.0111111.11111
1131113111 11Τ1ι111111 opp. 3. 133.

8110111111 (8111111111 do 3111. 1111111131 111. Ι 831111111111831311111111)111.1118111311111.

4113. 1117.

; 11. 114. 141.

 

