8141141444, 8144444141. 44111114 144. 114.

. 4144411444 (41441441 444. 44- 11

8141441444, 8141444444 (81441441441411. 4 4
1141444 144. 444. ,

11444411 14 4111. 14441 44. . =

8144444 (8144441 411. 11. 4, 4. 14114 04444114 41 811
1144 881 388.181 101

8144444411, 411144 144. ’ .

811444441444 (8144444441 411

8144444444, 8144444144, (8144444414 411.

8114144114 14 arm. 14114414 441.

814444444444, 44111144 441.

sumn (444144 ιιι. ι. p. ιι 444114 ιιι. ’

8144144414,114144 (8144111414 114141 411 4 41.

· 14111114 441.

41444144, 'num 414. - .

· 814414444444181444441441411 .

8141444441444, 81414441441444, 814144441444 (814
1111441441 111. ι. 4 1. 1114114414 11. 144. 441.

8144444144, 4114. 4. 1. 04144144 44.

14 81441441441444 1411141114, nobilis· 114.

814414,411.11..4 4. 41444 44 04444. 414. 444.
411. 411.

mmm! 1510111141 ¹¹¹ 4 41 1141114444 114.
8144441111 (8144111111) 444. ·

..1.

1 8111414 114111114141,41114441444Ι 44111184

191.

¹ 8441444444444 (8441144414) 4111. 4. 4.. 41441

04144 144. 141. 444. 441 ·

1 84414141, 8144141411 (14114141) 44. .

84141 114 4141. 11114414 44.

4841414414 (4141144) 4114. 4124141 41. ’
omonymum, 84444444144418414414141441 411. 4.
· 411114414444144144144.

Ι8444111114 (84141141411. ,

8414114, 4114. 4111414441 441. 411.

1 84141144, 4111114 444.
¹ 84441444444 (8444144144) 411. 4. 4. 1144114444

444 444.
844141444, 14411444 444.

’841144144444414111444444

14 84841444 8144141. 41444. 444. 444. 114. Γ
8414444184114144141144.4114414411. ·
84141444,·1414414444,

84141144 411. h. 4. 4111114· (14144 41 1111414414
144.411.

8411444444, 4111. 41 1141414414 441.

, 8414444144, 411. 4. 4. 1. 1111141114 141.

844141 domn. 1141444444.. - “
.84414144444414,84441144444414041141144, 11411114

81444 (814441 411. 44. 1. 0444144144, 41441 Z* 144. 441.

· 1114444 111.

4ιιιιιιιιι (4414141114 ιιι 144. ’ ,. .. -

8144111441.1141141111144144,144114. 11441144, 44- 8444444444(Ζ444144441ι11..

41411. 0141414144. 44.
81444444 (81411441 411. ’
8141141444 (8414111441 411 ‚-
8144441111, 8141114114,811114411111 (81444111144.
’ 1114 (1111141 opp .
1811114111·
- (814144111444441411.

81114411 (81444441 411 434. 1. 0444 41444 2441-

4144 141. 4ι4ξ 414.

14 81144441 Imm 14 ,44114 11444 144. 144414.
- 1411441144, 41414448. 111441. ’.44. 444,

81444414, 81444114 114 4114. 114 144. 144. 111.

8144441814444) 411. 441. 8141144444 440114·

. 1414414444.
814444414144114. 141144 174. 441.

8144414144. nobil. 44. 44.
814444144 (8144111) 411.

814444414, 8144114444 (81441111 111 ’
81441444441444 (814141441441 411, ·
8144414 41141141114111 441. 444. 444.

84141144, 41111. 4. 4. 41444 11111144 444. 414. 411.
00¹⁴Jusssn=⁴¹v⁶u ι. 41. 81414114 44. 414. 444.,
- ι11.....ιι41114444414
84141144, 411. 4. 4. 1. 11414114 141. . ·
- 411. 4. 4. 1. 1411144 444.
8414144411 114 4141. 1141144 444.
8414444, pratum 14 411. 81411144144 141,
8414444 (841441 411. 1. 4. 4. 111114 11414444 41 844
8411110481811141411. 4. 41. 1411144 444-441.

’ 84444441414, 8444114414 (8444441441 411. 4. 4. 1.

1411141144. 44.
8444444414 14 4141. 11111411 44.

’ 8414444144 4441411014441144. 14441. 414.

. - 441444 0111444144. 444.
84114114144144414 444.

- 141141141144411. 141.

- ’1141114144141.(1111111.
841111411411114111111, 44141148144441441414.

8141441144,111.11...4441ο441144144444444 114. 44. 44. 144. 111. 114. 141. 441.

181 1³2. 101. 118.
omum 4111144. 41444 ,14414 141. 144. 141.
8144441144, 411. 4. 411 Κ4414111441114111444.

841111444444 18414111 4411114411.
8444444 184414 41411. 414441.14141·..44 44
8414444, 411 4. ι.ιΙ 8444· 1144141· 44

11444444 444. 44. 141. 144. 144. 141. 114. 444.Ι ι1ιι 1444414, svm-ky 1141441144. 414. 444. odra

5 st
⁸¹⁸P¹:s opp. 1. 414..

1 441 141. 444.
¹ 114 8414414 14111114, 14 4114. 0111444144.

- 41111. 4. 4. intra 2411144144 41 044 14. 144. ,1441414 nobilis 41.

 

