· - 31111033033111133133. ·

' ., .3.311.,.11..,..31131.31 m.

313331

0331331133, 3113. 33 prope 1111113 33. 113. 1031311333, 0313313313 (1130331133) 311

- 311131103333133111111
0131133111333 (0103333333) 111
0311311103 11111Ιί33, 31333131.
033313333131331, 013313313πί03 (033133133133)

31133) 311. .
0333131331· (0331333) 33311
- 013333 (033333) 311. “

0333133011 (0103311113) 111
0111131133, 311. 33. 0. 01133133 131.
. 03111333, 01013333 (03111131) 13333 33113. 01313
111. 111.

0311311 (0111113)311. 1133 prope op. 2333313.
- 111-113.
03 0111313 30331, 31333111.
¹· - - nicolaus, 33311. 131. 331. 333111..
«011133 (030113) 311.

011333 3311333 (030331 11113) 1113. 3. p. 133.

..007 000.010.110.111.110-110.

< 0311111, 11311331 3333101033) 3331333131.
· mmmmm- ·
03 0313111 1133113111, 33313111. ,
0103131331, 31331. 1331 0111133133. 113.
03031111333,1133.1.ν
01113113, 3111311013313131.
01133311331 (0311311331) opp. 311-313.

03031113 (0111133111)1 111. ,

“ 0311111313, 31111331. 10. 11. 11. 11 111. 111.

-’ 111..13 0. 2313111311’
033113. 0311133311.
0311333010331130311313311.
33311311133111333331313111. 1. 3511011113·
1100. 0. 301.οῦ
0101133333, 3331133 31.

.< 0311133113333011 113.

0313333331 (0313113113) 311 y

0103133, 311 1. 3. 0. 01333133 311.’“ , ·

thzlobow'ym 1111331313) 3111.. mm 13-
13133 11.

’ 0313111311103 31131, 3313331111 111. 1111133133

· , 31.

0303333333, 0103131133 (0100313131) 31111. 3.
3. propo 0133131111 33. 31. 111.

0313133313, 311 13 e. 331333 01133133 13.

0313111111, 1311133 0131313111 A„ 113. 311.

03033333103111133) 111

0333333 1131111· (03131 111313) 311. 1. p- 01110313
11313 3113. .

03113 1313301331,311 3. 3. 0. 030313 31333 133.

03133333, 311. 31. 3. 31333 33. 03311. 31.

0113331313 11. 133. m
0111313111 woly· (10313 0313113) 111 -
0311111113 01 mn. 013111. -

03031133333331 (0330333333) 311.

¹ ” 0131333113111113311111113011113331333131·
03331311333,033111331313,01331111113113 (0303· .
- ’ . 33333311,1131311 1111313131. 313 133.

300.

03311331 03 3113. 3311113111.
- 13 3131 03313113. ,
- de 313. snm 131.

· -113311311311333,0333313113313 (0313033131) 311 ’
·“ 013313310033 1113131313. v

03311331 [102210111111 1. 30. 0111313 13. .

03313311,3133133331. .

-. 0111333313 (013313) 31311.

1311113131, 33311 133.·113.

0313111133 (0101311133) 311

0311111131 1133113. 831133 331.

0313313113 01 arm. 01131133 311. ·

nm 31133 1133113, 3133 11. 11. 13131. 111·
113. ’133. 133. 131. 133. 311. 131. 111. 313.

· « 311. 311. 331. 111. 313. 331. 3111333113· ,

070. 010. 000. 000. 100. 111-1111. 111. 000.
000. “

’ x - 0311131131, 3111311333313333· 131. 113131. ¹
„ 0310313110331113(0131·31.Ρι331 ·· , ’
“ 0311333331, 0331131333 (03311331311311

0111333133303133 1313331311) 113 , ,

’ 0131113, 311131· 0113131131 111 .
· ’ 03 01131333133333 0333111131, 33113.01313.11.
· 0113313113 (0111313111)111.33331 0330311113 130.

0133313,311.3.3.0.1“1111333,1111130101113131
Τ31333111133113.
030133 (0311333) 311.

Ϋ,013331 311.113.3.3133133111310133313111.·
= flumblmyoo, 311. 333. 333310313131133111. .

0111113, 331113 033333. 11.
0110113313 (1131111311) vll· 3. p· 0 03301033 011. ’
033, 03 arm. 0113311. 111. 110. 0001110110
’0,1133 113133 1133331111. 111. ’
1133333311 11. 3. 3. prope 01330133 311.
1113311111,1310331111.ν Ι·
0111311111,11331131 de 31113 011313 110 , · .

' 01331113, 3131101 01111113 01. ·. -

011313313133131. 13331 111. 111.

de 313.. 1 33311331113133111333
133333131111. 111.

033 Petrus 11 (1333131331, 33333. 0330331013.
333. 311. 111. ,

0333133 (033101)31111 101. .
.. ,0333333133 31313. 101.. · ·’

, ⁸01¹, .1......331131333113 333. ’ ,., ,

0333133,311.1..311011313311. 4 , ·
03311331, 033 113. , , , Ι
03333333, molendinum 33. . .
1133131, 311 1. p. 1111131313 111. 113 331.

- 311330111311113111..1”

 

