xn

0441444171444101141100711041111 ··

44 7174411 104471. 77441 474.

0741707701141170441400177444 (041414444411) 7114444111 7411474 4444, 41114 Μαΐου 411. ἰ ’

444714. 4171711414, 44114 0744. 147.
0441444444 (04147471414)111 .
0447441417, 0114741144 (0414147011) 111. -·
0447441477 (0114141417) 111
044441441014, 0714711041747 (041471147144) 111

1447177074 477 1174711411 17. 444, 1

44 mmmm 47411111 presb. 414. 4441
0441477114 (1141441774) 111 17. 11. 11141114 140 744.

- - 4717710414 44 11444774, 47 7447
, 14144411 ducis· 4444144411144.441. ’

· 71144441, 44710 Gne. 1474 1. 140.
7074111114 111 7474 4.. 774.

7447444104 44 4771 14411477 707. ·

1⁸⁸.

04447171 (04101714) 111 4 7171. 1111141444144 77 74144477471141107111471411 (1704441447) m
04144044744,1111711 4141104444 114 141.1’711407(0117111447) 41 0011704141 11³..

044477471114 7041471744) 111 17 (1 1177411474 74114141147717444.

104. 104. 447. 448. ’
0444044417 1144114. 741114 141. 147. , .
0414411417,111 4 711 11044114 444.
041441447144, 111 1 07. 44 1101. 1744114144 0447-
44 40.

041414444144,111 4771. 040144701144 44. 44.

47. 104. 144. 147. 147. 414. 447.

0441444404, 111 147 prope 1714114111 144.
414. 444. ·

044144441417 John 44474471141114174 104474.
04147444444 (0441474474) 111 14 4 7.·104. 111.
404. 417. 418. 448.

’ 0414144447444 (0410011740111 nunc 477. 44. 1711077747· (1401147104) 711. 4 711 14471414

741111114111111) 77441114. ’ · .
74111414 (11411011) 47741144 111 171474 m· 41 .
1744171414 opp. 144. 411. 74444174. =

. 7411141144, 11147. 11110117 4744140 471. 474. Ι

7414141044 (0471107100) 111 .
74147474047444011144144 144 · 1

7444144444, 111 4 7. 11 0744144144 177. ’
744711 0070414111 744. ·

7444444444174 (1440144044) 111

741117 117474 4. 774. > ·

74147 0744141 civ. 0747. 44.

0414747447111117. 7177074 1141417 4714-40. 1147117711 Elisabeth 111.

11434111...141...4
de 04141114111174 147704, 114 4714. 01170474· 741.

ux1ow1111y· (0414171744)111.471111144147444104

7011111714, ,111474 1141147414 144. 111.
717147, 710 4704 1411477 400. 401 444.
mmmmm (Ρ101υ1444471 41147 Momm

714114147774474717 47 44710. 074401. 1444 114401ι
470.

04141114441444(0114111744744) 411 1 p„ 017414 7147144174, 14744147. 1144714144, 1444 4144

44744141114 104.
0411114144 4011441114,’114’471110011444441

0411774117, 111. 4 714. 11111114 447.

0414144144 1147444444, 74447). 441. 444. 114.
0411717414, 111 4 7. 1 11041104 444. 447.
0414144140) 111 77070 110117 4704 474.
0447414 (04101417) 111 ,

· mmm· (0114117114) 111 -

mammo, 01741704οω (041410447441111

0474404414 (0411141747) 111.

’ 0474444744111744(011441104100)111

04741144414441041411440111441111 ’
0477111141. 44 4717. 0411114 407. '

4471141144 74 vm«, 74 m 71111 mn.
0744 447. 441. 411.

0471711414 (0411114111 111
0774744114 44 4714 441174 444. 474. “

Ι.

thum-pienum. ·
“mmm ⁴⁰⁰·

- (1414017400471440114744444,
440. 444. 411. 414.

74771147, 47110014 444.

7471144417 (14144111) 111. 71074 074441. 744. 444.
. 410.

· 7477111147, 47114014 444. »

7444071741,114744401110(1) 401141 141 4714447.
. 44. 88.

77444171111411117 444.

7747144114, 1047101111 440.

7744444411 de 41111 vm 144.

7441111 Pauus, 007110 074441. 44. , .

7 74411440141444 (077117011οή44) Ι11114 4 71 77474
1144011104 47 47. 44. ’

774411411441417 (177417444νῶ) 114 4711. 14014144
41. 84.

711447140477177. 1040404411 1477 A. 441. 447

77141414 (17744711) 077. 447.

77174144, rusticus 444.

74444114, 47714411 744. ,

711011, 1111170 47144. 074741. 401. 4774.

7744140144 4744171. 11041114 414.

777147 (117147) 001111

 

