xla

2007701000, 1100000000 7000101ωο000 11101770) 711. 8071000ςο0007 (8000000100) 711 10 e. 0. 1017011107
’ 0 p. 1 8001070170 010. 701. 000. › 07 1101070000οο 101070. 010. · g
20000000 800170, 011 0 0. 1 8001070177 000. 80711000 2711170770 (80170 8000) 000. .
’ 200000100000100011010100)011001.810100010 80711000 11000 (11000 8010)ορ0. .
170110. 80011000100110010111,100101.Ζς1010 007. ,
200070000071000 (110001οο00100) 011 01000000 - 10 7110000017, 007100100100. 107. .
700100000100701000· ’
20001177, 011 00. 11110000 007. 8077110070) 011 000.
11000071 (1100010) 0110. 0. 1217010007 10 8010· 8001001710 (8001001110) 0000001. 000 070.
1011771888. 812. 8’21. 828. 827. 828 812. 818. 881. 881.
20000001 (80001001) 011. 0. 0180101001010 000. 000. 007. 070-070. 0.70 000 000-000. 000.

οικο707071,71000700010,110070170177700(1100000 000-700. 700. 701.
’ 1000)711 8001001010οω 00011010 071.

· 2000017007 (20000001) 0000 8070000170ηο0 (8011000010) 011 . .

110 2100017007, 10 1100000001 101071 10 arm. 261· 80000007 (8000117) 011.
horse, 00110. 111000. 00. 700. 80710000 (80071100) vit .
10 2000001110νο 210101000100,100101.1.01011 80717100, vil. 0 0. 1. 11010 000. 000.
000. 0777700 (0101707171. ’“
2100001000, 0110. 0. 1. 2010701100 00. 07, 700. 8070007 (1) 011 000.
110177. 00700001010170100. , ’ ’ ,
. 10 20000007, 1100οω71010 1011011 00100 01000. 01. 8000010070 woly· (1) 711 0. 0 1. 1101010000 07.
70. 700. 707. 710, 700. 707. 070. 000. 0070007, 71717. e. p 01000 71071000 817070 000.
10 2000000101017070111001001700001. 000. 000. 000.
,2000000010101700 1001717 26110010 000 810000101001711 1101000 000.
20000070, vil. 1. 0 0. prope 1100170171 117-110. 8171001070, 811000000 (21000070) vil.
Α . 200101071οο, 011. 0 0 1. 1100171000 111. 8110710770000011171. 10001201010000000000.
1700710177,111.00.1’101010000. - 1000000 1110000100 100. ’
1710007, 000. 070. 700. 700. ’ - 1007771. 1170701·
2077017007, 011...00 1.12000011701010000,·- 10 1100000010110000, 10 01177 eryt, 07
2017001007 (1100011000011.ι 01111100 8177000100. 700.
‘ 20000, 01100 111000000ὺο 210100 (1) 111. 0 01 8171000770 10 0100011οἰ000, 0100οο011. 8. 1110710717
2010001070 701. , 1077 A. 010

8171071000 10 0100010100, 100101. 11017710 00710. ·

Β, · 8071101017. 017. .

8171011000, 0011107110 07 00110. 010001. 0. 0. 110.
00101, 011. 0. 01 1710110170 070. 070. 170, 100. 100. 000. 770. 070. 077. 700-000.
00711, 711. 0 p. 1 01110101 stay 707. 7 007. 707-077. 700. 001. 000. 007. 000. 000.
00711077,οι 001 11010111 001. 701. 700. 010. 077. 000. 070. 000-000. 000.

,- 011. 0. 0. 1. Ζ1010110 000. · 000.

80100010 (80107010) vil. 8110710770 10 01010100, 0000070701 1110010181ἰὲ ’ ⁴
00707710. vil. 0. p. 1. (1001070 700. 107. 701. gnei 0011100110 10. ·

- vil. 0. 0. 1. 21100770 010. 8171107, praeposit. 21000710. 1001 A. 000.
80100700 (8010010) 011. 0 01 1100017070 000. 8110100710ιο (1110100100) 111. .

- (1) 1110. 0. 1. 11110 000. , 8101001000 (2101000001011.
0707000707,ωώ1100101100110100)1077700. 10810100000,817017000170110171000, 10 01170 170·
000 rusticus 001. 77010 0000071700.

&imnum (11010101) 07100 8101011710 (2101011117) 111
80071010001001100 11000107101000010 1711101071· 80010 (817110) 000. .

7100100001. 800100101071000, 01001. eccle 1110000100. , ,
807711100οΙ0 (8001110010) du 8001170 101700. 10 8001000, 10 0110. 8117010710 171,

’ 8001101000, 011. 1. 0. 0. 10110 8001007110 07 110 00710. (110οο 000· .

,0700017100 000. 070 80001101710(8170110117·0, 8170101110) 000.
80010110011, vil. 17. e. p. 01000 20710701 000. 10 8001110117·Ιο 11011100 Floriani 000. ’-
, 80070010001107, 711 01000 Pinum 010. - ·- 1110010710, 07001. 007.

0001100100 , -·.- 0711101.71001071007710.“, ,·

80000000001Ι,100107.101170010. , 80010000, molendinum 001.

 

