01111111η111(01114111111)111.11.11, 11111411,
011111111111 (0111111γά1111) 111.
0111111111 Bm 11. ιιι. 111.

- 811111111111 de 1111. nm 11. ’

0111111111 11111111, (1114111111 1111. cnm.
1111.

0111111111, 0111411111 (0114141111) 11111.
e. p. nunc oppidum 111. 111. 111, 111. 111.
11111. «1111. 870. 1171. m. 377.

01111111 (0111611) 111 1. p. (1111111114 141111.
³9³. m. 317. 5011.

noudum, mna 11. 114. 111. 111. 111.

0111111111, 111, 1. p. d. Zmigrod 111. ’

01111111 (0111111141) vil. 11 suburbio opp. 114·
now 101.

0111111,1111. 191.

ι 011111,1111411. 411. 411. 411.

011111111111 (0111111111) vil.

onbkow, 111 1. p. (1. 81111111141411.

01111111111, 111. 111111 cum 111 (11411111 1111
11111111 141.

0111111111, 111, 1 111. ’11111111 11,

111 01111111 Petrus, 141111. 141.

0111111111, vil. prope Czqstochowt 11.

- 111. n„ p. 1111111111 111.

011111111γ111 (0411111111)111. 1 p. 11. 1111111111
111. .

111 0111111111 1111111111 presb. 114.

01111γ11111111. (1111111111111, presb. 411. 411.

01111111) vil. 411. ’

- (6111111) 141111

01111γ1111 411 1414111111ῑῄ1 441.

011111111111110) 111. 1. p. d. 0111111 141.

0111 111 11141 1111111111. ,

0111111 1114111111 11111111114141111. 411.

01191111, (1411111 (anjam) vil. 1. p. (1111111111
141. 114.

0111111111, 0111111111 (0111111111) 111. 4. (1.1.
mmm 111. 111. 111.

0111111111111γ. 11111111 111.

0111111111111 (041111111111)111.1.)1.11. Zarnow 111.

0111111111 (1111111111) vil. h. 11. prope 11111
1111. 11111111 4111.

0111111111 1114111111) 111. n. p. (1. Tarm 111.

011411γ1111111) 111. 1. p. 1111411111141.

nummata 111111 aaa. 1114.

0111111111 11111111111111111111. 111. 111,

011111111γ111· 111111, clo 1411. min 111, 111.

011γ11111γ 111 ann. xenium 141.

01111111 11114411. 144111 (141111. 14.

0111111111 (1411111111, (1411111111, (1411111111
111411) 111111.

(1411111111, (141111111111, (irmbutum 1114111111111)
n'i. u. (ι 11 1141111111111, ,144 111, 4111.

1 ›'
11,)

0111111111, 0411111111111, (ornabo-m) 111.
1141011111 propo 1111111111 11. 111. 114.
011111 (04111111 11911111) 111. propt· 111111 411,
. 01111111111111, aroannam (011111111111)
¹ 111. 11. p. (1, 111111111111111. 1111. ‚
(11 01111111 Mathia, 11111. 011111. 11. 111. 411.

11111.

04111111((1411111)11))111, ’ ’

01111111 tegla (0441111111) 111. 1. (1.11. 111111·
11111111.

04111γ111 (0411111111) 111. ι p. 11. ’1111111 111.

01111 1111111111 111 1111111111 41.

01111111)111(011411(11111)111.1111 81114111 4111.

0111111 oppidanus 111 mom 111.

0111111(1)111. 411.

0111111111) (0411111111) 1111111 W 111.

011111111111 (1) 111 1 p. 11. 8111111111.

011111 (0411) sle 1411 111111 111. 111.

- Novomyenzczky (11 1111. 111111, 1111111.
1111111111 111.

011111, 04111111ῃί1, 0411111110111111111041111111)
episc. mev.

011111 8111111111 111.

0111111111 (1), opp. 110.

011111111111 (0411111111) 111,

01111111111 (0411111111) 111.

011111), 111. 11. 1. 1111111 opp. 11111111 14
1111111111 111.

0111111111 1011111111) 111. ’

0111111111 (0111414111) 411, h. 1. p. 414111 01111
111. 111.

0111111111 (1141111111) 111. 1. p, (1, 1111144111 11,

0111111111 (111141111111. 1. p. (1. 1111111111111
111. 111.

0111111111 111111 441.

0111111111) mmmmm) 1111111141, 111 1411.
mys.. archiopi. (11111. 111111, 111111.
2⁹³. ³90. 1171.

orum„ (Onnum) 111. 1. (1111111111 1141411.

0111111111 (0411111) 11111 11. 1141111111 71,

qu, 11111 11, 11. 11, 11, 1111, 111111,
1111. 111, 111119. m, 11111111. 1³⁷, 111, 117.
1711, 177. 1111111, 2111. 116, 4114114111.
161. 471. 171. 111. 1111, 111.

01111111111111 (lina-gomma) 111. 1, p. 411111·
4111111144· 121.

01111111111111111111. 111.

0111111111. (1111111111141141. 1111111111 411111111111
1111,

0111111111 (1111111111 1111111, mmmmm,
111,

, 0111111111. (immun. 4111111111 111. ”imm

.'¹¹ 152. Ι.’1“1,

011)41111.11111 11, 11, m. 111. m, 111. m.

111011111111111111111111,4111111.1141111111.) 1⁸27. ³3⁰. 111. 111. 1111, 111, 411. 111. 111.

41111, 141411. 1411,

111. ,12 1. m, 5095.

 

