⁵ 1133113313, 1133111333 (1133111333) 311.

11333333131311) domus, 131 3331331. 33.
1131133133, arma 433. 133-337.
113311311133, 1133333133 (1131133133) arma. .
Koporynln, 11313313130133311113) 11131333 Pin-
33111 173. 337.
do 1133131133133 jaeobum 333.
- - ,131133333313313 373. 313.
11333311131333 (113113313133) opp. ³³³. 333.
- fluv. 333. ·
11333311131333111 313.
11331311131333 (1311311313) 311.
113333111133113, fluv. 334. 333·
1331133113, 111. 3. p. 11. Ζ133111 334.
1333111311111) 111. 31.
13131313 (13333113) 31331. skama 33. “
1331313313 31133 1133113113, do 33111. W ³0⁴.
Κ33333113(1) 343.
11333313, 11333313 (11313313 31311) 311. 11. 3. p. ’
prope 31311311311113313 Κ3131111333.4ο3.133.
11333113 (11331οωί3313 11313313) opp. ³.
1133111113 de 3131. 131113 333.
1131113, agricola 333.
11313133, 31313 31-33. 433.
1133333 11331111. 1113313331 331.
1133111131333 (1131113133), 111. 11. e. p. prope opp.
3311133313. ’
11331133 (1131313) 111. 3. p. 3333133313 333. 333.
1133111313, 111. 3. p. ³. (1313133311 333. 373.
1133333313, 1131311311, 1131311131 (1131111133) 111.
11313333131113 3113. 811333 313·
1133311311, 311. 11. 3. p. 13113 cracoviam et opp. ·
31313 31. 71. 143. 333.
. 11333113331313 (1133333133) 111.
113 11333113331331 sigismundus (133113. 11333 33.
1133313111, 13331313111. Skotnild 341.
1133313333 (11333133) opp. ¹
1131313163, 311. 3. p. d. 1133133133 33.
’ 131313133, 111. 11. 3. p. 111113 Ρ1ο33311133 31 113-
33133333333113. 114. 133. 113. 133. 333.
1131313131111, 311. 3. p. d. (1111113 31.
Ι 113133311333 (1131313133) 111.
11313333 1311311333 31.
’ 1131333133331310113331333333) 311. 373.
1133331311,1133331311, (1331111133113311133 33. 34.
1133331311333 (1131313133) 111.
Κ331ιγ (11113111) 311.
1131133331, 1133131331 (131113) arma.
113331133313, 311. 1111333. p. 11. 11331133 137. 1113.
113333331333 (1133333131) vil. h. 1. [1. propo Craco·
3131114341. 33. 143.
11333633. opp. 30.
- vil. h. 3. p. (11313311. (133 33. 33.
1111333113. 111. 3. (1.31. ’11333311 113,
1133313 (1133111)111. 3. p. 11. 11311111 331.
1133313311333 1113133133) 311. 31311. ,1131111113 141.

1111311311. Indu

11

xm( ''

· 1133133131 (11313133) 311. prope ’13111311 337. 313.

de 11331133 1313111133 decret. 11331. cano. (1133343.

11331331131111(1133131313111111. propo 1113133 373,

1133133333, 1133331133 (11331133) 111. 3. p. 1111-
niec 113. 133. 343. ’

11331333333111 1133131. 1133133 33. 133. 333.

1133113, 1313133131 13 111 · 1113133133 473.

1133111311, 111. 3. 3111311313133.

1133333311333, 1133333131333 (1131313133) 311.

113333313131131 (1131131313111) 111.

11333313113113, 31113 (13333. 34.

113131311333 (1131311133)111. ’

11313111 (1163111) 111.

11313133391, 1133311333(ςί (131113) anna.

1111331313 (1133131) 311.

1131313131131 (1133131311) nobil. .

xoumlezo (1131111133.) 111. (11311311131133113 313.

11333131333 313131(11311313311311113), 111. 3. (1.11.

1113113313 113. 313. ι
1333311333 (13333 (1131111133 13313) 311 3. [311. .

1113113333 113. 313.
1133333313331Κο3333133) 311. ·

1133133134, 11333311 (1133311) 111.

11313133, 111. 3. p. (1111113311133313317. 313.

1133313330133313313311. 173. 173.

113331313 (1) 111. 3 (1.11. 81313113 333. ι

11311113331113 de 11111113, 1133113. 1131111333.

113113 8133131313, sle 3131. 1113333 33. 111. 337. .
- 113333113331111133133. 1111333. 337.

1131131313, 33313313 313.

1131111331313 (1131133111) 311. 3. (311. 113111313333.

1131111333133131 (1133333311, 1133331. 11711 331.

11311111333313111 1113Ιί133113, 113 3113. 73111113 333. ·

11333113,111.3.(1. 11. 1111131111 173.

11313313 8191133133, 111. 11. 3. p. (113113 11311313 443.

11333313 (11331113) 111. 3. p. 11. 1113331111 133.

- (113113111311. prope Ρ133331133313.
1133131331, 1133311333, nobilis 3. 73. 333.
1131313331, 331111331133131. 1131113311 413.
1131131313 woh, 111. 13311. (13311333. 1131331113

1111.

1111113113 (11331113) 111.3.(1.11.1131313113 11313113.

4111.

1131133111 1113113. 1111131113 111. 113, 137.
11314331, 111. S. p. 11. 1133131111 133.

11311131· (1131313) arnna 31.

11333 113 nrm. ,11111313 13.

1133311 113 111111. (maja 331.

1133393131 (1111331333) 111. (11111311.11133313113311.
1133111, 1111111113 13.

11331111 (11131111111.(11·ο(11 zawivlm³ 311.

κοι1γ (113711) 311313, 11, Ι1131113111. 311. 111. 333,
1133161311). 111. 11. 1. (1, 1111. 133.

- 111, Ιι, 3, p, 11131111· ,1131111113313 11117111.

ι - 311311, 1111111333· 11111.
113313133111133113. 113 1111, 133,

 

