77

0177444417 (01444117) 711. 4. 4111411477 71777 041444 477774 011. 104. 147. 747. 744. 447.

444. 0477474117 1414141414 arm. (1774777717 440.
017444404141147144,7114711447(1),711 7 4. d. 04777474471474, 044447474474(0474477447144) 711. ,

11771474 74474 447 47444 1414147 444. 455 474. ’
0177444 (014414) 711. 7 41. 1717741147 747. 07777114, 44714714 444.

014444 woly· (0147174 11414) 711. 7. 41114 14 0477171114, 0771711774171 14471777, 17 7774.
, 17747177 771. ’ (1774717714 4744. Orac. 074. 404. 747.
017771γ(017711)177777. 11114714 771. 047717414477747174, 1417474· 777711. Ρ1744144 104.
014474404444(017141477144)71174174771774714 04774474144414741444174, 17 ann. 0774477117.
07771177, 711. 7 4117744477. ψ 4477711744744.

’ 14 041471444, 14 071774474 (14 04147444) 111471. 04741174 17 sonno, relicta 171777. 14 1144174441.

47471. 744. 477. ν 4474714711 ‘regni 141777. 447.

04147444, 744. 44. 414. 444. 04444144 (04147177) 711.
0414414774 14 7777. 1114471414 017. 07414117 14 4774. 071174 444.

- 14 844477, 44141 84714717. 774. 07441447 (2177141) 711. -
0417444174774 (0411477077) 711. 0744171477 (07441114) 711. 14 4. 4. 47747 1171477 44.
04114471747777. 0711777 707 . 17.17. ’

0711477174,7117 4. 1. 8714174177 744. 407. 07441714, 711. 1. 4. 4. 47447 1141174174 47. 44. 744.
041717, 71114447 447. 747. 744. 447.

04174, 711. 1. 4. 4. 47744 1471771444. 47. 44. 0744441474 (077477177147474144.
041747447144, 711. 7 411117174414447444 1117- 07414474144144774 ’1414774 14.

1147147 477. 0747744741474(07417177144)711.7 4181717177 ’ ’
041747477414114417,711. 7. 4. 1. 017144147477 740.

47 1117114714 414. 441. 07774747 (07774414) 711. 1. 4. 4. 47747 8441117
0417447414, 14447 in 711 1177414744 447. 470.

0417441444 (0417774747) 711 4. 4114474744 0744114444 (0741414474) 7117. p. 111471477777 40

. 747. 704. · ’ 0447471774, 07747444 (07417777)4774447.44.111.
04177471, 711. 7. 4 (11471 474. 747. 747. 747. 747. 447. 447774. 474. 474.

“ 0417444447444, 711. 7. 4. 1141747 71777 444. 404. 444. 444.

0417774444 (4417744147) 711. 17144 1747774141 om, 47744 774. 777.

71774447 444. 470. 0777471444 (07747144) 444. 747. 474. 771-777. ,-
0417444441774 1447111. 1171447 774. 0747471444 (1177777144) 47747 471.
041774741144148447701714 4471411147744774. 07777414741447147114. 0141417, 47441 744.

- 1141774714, 47411441 (17447. 777. 0774177744, 711. 4. 411147744447744.
. 04174744444447 (1171747477144) 711. 041414, 444 4.
0417474477414 woly· (0417447714 11717) 711. 0714741447144 (04141174) 711.7.4.1.04741747144447.
0417417414, 711. 14 4. 417174 444. 11171147 41 0771414 81477171. 14 7774. 017774 477. ’

. 047144 414. 411. 414. 414. 0477444747, 04744077 (11444144) fluv. 4. 7. 10.
07174774744741474 177110144147477444477, 74. 774. 474. 444. 744. 744. 444. 747. 474.
041744, suburbanus 17 1141474 404. 0777744, 1147. 4474777. 711. 7771777477. 474441744171

04174747 (04174717) 711. 7. 41. (11417114 447. 44. 040. 447.
0414744744, 711. 47447 744. 1177471717 470. 0444477 (074144) 711. 4. 41. 0774477144 41774 704. ·
0417744414477 (0717747747) 711. 7. 4. 1. 117477- 04474114 14 4777. 11411471 447.

77110 747. 0774414474, 0744174774, 0774417474 (0171414477) 711.
0414411474, 0714414474 (04147444) 444. 7. 4. 1. (1174 77)·741414 744. 774. 770. 774. 777.
0417744144 (1101147747) 711. 0447747414741474 (0774747144) 711. 11. 4. 4.
0714744477, 711. 7. 4. 1. 1771477447 10'5--105¹ 47444 444, 1,·74147777 774. 777.

0414444 (001444) 17 47777. 041444 747. 744. ’ 0774714774 (11444 gorne 1141777)711.

- (0414414144 14044144’7,1177744 14 77777. 1444414, 4744. (1747.
0711474, 4774770.74.47.14.44. 714774177. 744 144.

447. 444. 474. 744. 744. 747,Ι 477. 444. 447. 04774774 417417711747711. 47744 1114144 44. 474.
04174 47171, 711. 7. 4. (1.11141147144-141. 04414474444 (117171477444) 711.

04144411474 (0414774744) 711. 4. 4. d. Wisnicz 74, οι41444174. 11471444407141447174 (111414474147744
0417747174 nobilis 444. 447. . · · 774414. 7447777.

04144744 (1171447) 47774. · Ι 074144414477 (117171447744) 711.

0414474 (0711474) 47474. ξ 0417777114711147, 711. 41. 1114144444 744.

 

