ΠῙᾸ

81111411, 111. 11. 4. p. 44144111. 1144144144 11. 144. 84411114 (1114111114)1(1(1.

117. 144. 144. 84414111 114 nrm. 1111111144 111.

8111441411, 111141411414 114. 8411411111 (1111114414, 11111441111414. 114. 114.
8141141111, (1111111114441114111111141 141. 414. 444. 411.

8144141144,(81441111)111 4 p. 1 1114114411 114. de 8444114411 1141141111 presb. 411. ,
411114411144114 448. - 1111111414, 411441114444114, 4111111 141.
8141144184111111414114141411141114,1144444 041 -· 1411111144 presb. 441.

m, 1410111114. ’ - 81414114441441411.

- 1141111144 de 0114411114, presb. 41. 8444441444, 111. 111. (1. prope opp. (1111141 41. 1114.
8141144144,14141. 4144111411.11144144 1. 114. 111. 141. 1414.
- 1111144. 411411111111111144114 41. 11. 844441114114111111111 41411111. 111111, 11111414.

88. 1114141111.114.141141411441441. (34114. 115. 187. m. m. 8111. 11111. 1117. m.
8141114114, 111 4 μ d. 44111411 1414. 111. 411. 444. 144. 411. 444. <

- (?) vil. 44111114. (1444444 414. 8414411144 114111, 4141444.8441144,444111411.1111414.

- 111. 4 41 1 1414411114 1414. 4441. 411.

- 111. 1. p. 11. 041141 111. 444. 1414444, 111. 4. p. 4. ’111144 114. 114. 144.

- 111441111141141111· 8444144111,111.4111 vil. 1111441111 11144 114. .

- vil. 4 p. 41 1144411414 444. 8444414, 11444414, 111. 4. (1. 11. 8111111111 1114414.
41111414, pars 111141 4441141144, 11 41111141 - 11114114.111.144.414414.

cracoviae 141. , 114 - 1411414114 archiep. 1111411 114. 441.
81444414 (8141414)111 8444414114 8141441114 11144414 Ρ11414111411114 Bt·
114 8141441144 (111 1114111114) Mathia, 1111 mn. 8111· 44111144114118.

114414,4411.0111.11.111. Ι · 8441411444(8141411141141.1811411144111. '
· 8111441414, aliu 114411111114114(1114411144Ι 1141 - 8141111441, (81414111) 111. 4. p. 11.

111111 4141111141444 11114111 41111, 111. 1111141414 144. 141. 114.

4. p. (1 8414441141. 144.( 8441111444,11441441444 (81444114) 111. 14 e. p.
Blendowuky (8141111411) do 4414 84111414 44. 1114411114. 8141411411 411414.

144. 144. (1184411114441114 41114411414114. 141.
8111414114 (8144441441 111 4. 4111. Gay) 14. - 1114114411, 41411118441111111. 444.
81114441, 111 4. p. 11. 1141111111 141. 81441141111 (1144141111) 441.

8114411114) (8111141144) vil. 844141111444 (8144414111) 111. 4 4141 81111·
8114111114, vil. 4 p. d. 844441441111114. 4111 4411114114.

8144141411 (8111141411) 114 44444. 11141144 114. 8441441111, 111. 4. (111114414-8414 411. 111.
81144, 8114111 (magio) 111 14. 4. p. propo 84114· 81111411 44114411 444. ·

111414141411414. 841441411144, 8114111111444, (8114111114) 111 ·
8114411144, mogontiae (1114414114) 111 4 4111 1141111141. milliar. 1 01141411 11414411.

1111441141 14. 141. · 11. 11. 111. 144. 441. 444. 441.
de 811414 1114111414 presb. 481. 8414114114, 111. 4.(1. 11. 11141114 447.

81414111 (81111411)11144441441111111. 14. 11. 811411, 111. (nunc 4. p. 11114411141114141) 44. 41.
8141414 (11111114) vil. 4. p. 11. 1111141114 14. 41. 111.

- (81111114) 111. propo 8411444114 opp. 114. 841441414 (1111441114 11) 4111 Polou. 4.
814441114411111114111.Ι)111114441141144. - 114141111111111 4.
814411111414 (11Ιί4141114) 111. - 0141110141441114 1111411111) 1414811111.
114 841141 41411111414111.114411114.111. · 1. 411. 411. 411.
81111411 (1141114141) 4114144. 8141414 441. 4111. 841441444 1141144414, 14111144141111111114441.
841114, 1111. 11. e. p. propo opp. 11441114 44. 11. - 141414 (8114111148)1111111441.

111. 144. - 1411114414 (111114111111) 4111 111. 111.
1481141441111441411441144411. 414. - Ρ)114’,111114(“411)44144414411.

8114414114 41141111. Gryf. 411. - 8111414, 4111101441. 41 8141114111. 1441.

8144111411 (8144111111) 111 1 (111. mem 111. 144. 414. 114. 411.

“ 841. . 8414441414, 111. 1411441111441111 opp. 1.·1.
1414114411. 1. - 411. Ιι. o. (1,(11111111141114111111. 411.
- 111. 11. (1. 11. 1114111414. = 111 84144111144114111114 presb. 414. 411.
8411414 (11111144) 111. Ι 841641, 411. 4. (1.11. 1414444111 144. 11141, 181.
81411414, 141411. 11. 41. 111. 14. 14. 14111. 114144. 814411111444 (1111111111) 411.
148411411111111114141441.41. “ 4 8111444, 111414 114. 144. 4141. 411.

 

