“25
’ 1111111’

11111111 11111 1111111111 (1101111) 111. prope 11 1111111111 1111111111,1111111.’411.·
’- opp. 11111111 141. 141. 110. 1111111111 (1111111111) 111.
1111111111 (1111111111) 111. 1. p. 1. (1011111101 111. 11111111111 (11111111011111111.
1711. ’ ' 11111111111111111.
1011111111, 111. s. p. 1. S. 1111111111 1111111111, 11 111111 111111111ιί1 111.
nunc 11). 1111111101111 140. w„ 1111111111 100.
11 11011111 111101. 1111101110. 1111 A. 111. ’1111111111(11111·11111·1)111.
xus-optim 11111118111111111111. Ι du 11111111111101. 1111111111 401.
11 1111111111, de 111110111111111(111(11 1111111) 111 1111111111 11111111, presb. 114.
1111111111111-1111. 11111111. 11. 114. 11111101111 11111101111101111. 1411. 144.
1111011,1101)11117ο. 11111111,111111111111101111.11111117.
11111011111111011111111,111111 116111417. 1111111111111110111.
411. · 11111111111 (1111101111) 111.
· 11 11110111111111 1111011111, 1111111 1111111411.11111111111111101111.
471. ’ 11111111111111111. 8111111411. ’

, 11111611111111 8111111111,1111·111.’ 11111111. 11111111111,11111111141.

114 · 11111111,11111111111,11111111111111111111111
11 111111111111118111111111, 111111.1111111110.11.1.011111 011 111. 111. ·
(1111111171.11111111111111111111111 11. 1111110111 1111111111 -

“ 1111011, 111. 1. p. 1. 1111111111 11. silesia 71. 10.

- ’111.1.11.(1.11111011ο171111.171.1111111111

” ’ 11111111111111101111111111011011111111111111--’ ’811111111111111101110111

1111111, 11111111. 11) 1711111111.111111111111111111111111111.

Ι 1110111111,(111101111111111.11011111101111111.11111111.111.(111101111111111.

11111111,111.111111 01111111 401. -1111111 (mi) 111.

1111111111 111101. 1111111111. (111111 111. 11111111111111 (1111111111) 111

Rutuba, 1111111114. 1111111111 (1111111111) 111

Κυ11111,110111111 111. ” 1111111 1111111111 11 1111111111111111111111111)

1101111111,Κ11101,11111111141.110.111111.111..

1111111111 (1111111111) 111. 1 11.1.1)11111111111111.11111111 (11111111) 111.
111111.11111111111111111111.

Κ1111111111,111. smpd (1111111111.1.11.ι 111111011111,11111111011111(1111011111111.

, 1111111111, 111111111111111111011 101. · Lanthtwoyzkfl, 1111111111 1111111111 104.”

11111111, 11 arm. 1111111 111. 1111111, 11111111 de 0111111111 101.

1111111111,111.1.11.1.Ι)11111111111111.111111, 1111111111 (1111111011) 111. ,
1111111111 111111111181111111111111111.1111111141.

11111111111111111,11011111110.111141.11111181111111111. 111.

· 1111111111111, 111. 1111111111 81111110 171. 1111111111101111111111,1111111.1)1·ιι11111110.

1111111111, 111. 1. 11. (1. 1111111 11. -— 1111111111111111111.1)11111111 71.

1111111111 11 arm. 111 10. ’ 1111111111 (1111111111) 111.

11111111111111111. o · 111111111111111) 111. 1. 11. (1.111111011101111 111. ,
1111101111, 1111111 in 111. 11101111 104. 1111111111(1110111111) 111.

1111111111 1111111. 1111111 111. “ 1111111111111111111111111111. 1101111111. 141.
1111111, 1111111111οι1. 1147 Α. 111. “- 11111111, 111. s. 11. 1. 2111111.
11111111(1111101)01111. ’ 1111111111, 111. 1. 11. 1. 0110111111 11.

z 111111111100111111111,111111. 411. 1111011111 1111111011111) 111.

1111111111 111101111111111. · 1111111611, 111. 1. 11. 1. 1101111 114. ,111.
11111,Κ1111,Κ111(11111)111 ’ . 1111111111. 11111111111111 1111011, 111111110111)
11111 1011111. 1101111111 101. Ι · 11111111, 1110111(“11101·1111 171. 111.

1111111111, agricola 64⁸! 1111111111 1111111111 111.

- 1111111111111 , 11111111 111111111111111.11111 111.

1111111111, 11111111 111. 11010111. 111. ,111.
11111111. 1111111110) 111.
L'. 1111111111 1111111111. 111110. 1111ιῖ1· 111.
111· 1111411011 1011111101 111.
· 1111111, 1111111111111111111111111. 11111111111111111 111. ’

 

