Ι 819199, 911 9. p 1. (1999919919 919,

xm ,

ι 8199199 8191191911, 9919111199999199 119.

891919999199, 911991. 899191199199 119119,

811199 (8191119) opp.

8111999199 11991991 (1) 911. 999.

, 8111999999 (8991199199) opp. ’

8119999199, 911. 9. (1.911199199199 991,

8199199119, opp. 199. 199ν199. 991. 9911. 91111,
883. 1111. ’

8199199199199, 9119, 91. 11111911991919819919

- 91111. 9. p (19999819199111119.

’ ’ 199. 999.

8191199, 9111. p. 1119119191 9119919199ηὸ91 11.

’ - 91199118111999199, ’

8191199191 11999911. 119119 99. ’

81991199,911. 991 1 19199919 999, ,

- 8199119199, 911191. d. 1191119999 99.

- 9119118199111119 999,’·
- 911. 9. p. 1. 11111199 111, 111. 199. ,
· 911. 9 91. 1. 29111199 911.

,⁸ de 81991199 19991199, presb. 911.

- - 1119919119, presb. 911, '· ι
8191119199, 9119 (1.1. 81999 119.

” 9199999, 9111. e. p..91 1111111919 .

8199999191199. 91. .
81999199199,9119ρ.1.119119919199.
8199919199, 911. 9. p. 9. 89119119 119. 119. -
81999199199, 9119191. 11919199 19.
819999199199,.9119.91. 1, 1191191919 991.

’ 81999999, 911. 9. p. 1,.811191991119 111. ·

8199199199, 911. 9. p. 1819919911,
81919199, 911. 9. (1.1. 8199111191 111. 999.
81991999, opu. 1.-
, 81199191· 111991, 9191919 1199111199 119.
819191, agricola 911. .
819999999199919819991991 119.
8191991999 (8199199199) 911
8199199199,19119911911 9118991919 119,
8191991199 (8999191119) 991111.
8199199999 (819199199199) 911.
8199199, 911, 9, p. 1. 8111199199 991,
91919191911999, 199. 9111999119. . '

· 81991199 (81991199, 1198199199) olim 9991. 91919911,

’ 191919199191991819111911. 91. 199.]11.
888. 884. 883. 811, 178. 178. 5411. 544.

81991199 ,19119919 89919991, 9911909999111. 119.
115.

·. 8199191119, 991. 19. 99. 199. 119. 191. 119111.

151. 110, 180. 181. 907. 108. 511. 111. m.
111-180. ’

81991911,911.11. 9. μ. proph ’19119991 191,
81999919, 81911919 (81919) 911. 9. (1111199999
8199119961 8199191911 119.

- (le 9919, 8191911991,

Ι8199911919 191911. Gry( 11. 119. 2 3
- «199191,.Ρο91919191
- 19 9911. 8911199 919. ’

8199919999 (89111199) 911. ’χ Ι .

. 8199999119, fluv. 191.

8199999999 (8199999191919 aomo& 911. 919. ’

146.
81999919 (81919199) 911. 9. 9111111911911199 ·

— (8199991911 s. (1.1. 8911919199 .· '
81991919, opp. 99, 19, 91. 111, 119. ’ ’ .· ’
19 81999199,81999·1119199 11911991, 91991. 19 911 ’
8199199191911911. ‹le 991119 [19119999. 11. 99111. -

81999999 (819991111911.

' 8191199919, 911. 9. (1.1. 81999911 191. , · ·
81999999, 911. 9, 991. 11911111999191199 91, 191.
, 8199999999 (81999999999119(1.11191199199111.
’ 8199191911191919191, '
, 8199199119 (8119199199) 911, 11 911, 99999219·

11191885. 3819. 881. 38). 888. -‚

⁸ · 8199999999 (8191911199) 911, 9, 11.,11111191991. ’
’ 8191199199, 911. 119. p. 91999991Ρ9119119 9111.

81999999999 (8199199199) 91191911 2991111199,
819119199919919 9911. (1119119919 199.-

,- ,1911911 presb. 991.. .,
99 8199119119 11991199 19 9191. 8999999 919. 999. ·
9991199991) (91911111 911 1, 9. ρ. prope

99119919991199919. 919.. ’. ’

91191999(9191119191.9119199999.4 ’

8199191191,819911199199,911911 19119991199.
1111.

, 8199191191, 9119. p. 8199911111 1199191199 919 911,
8191199999199 woly· (8199111919 11919) 911 9, 91 ,

1, 8119199199 919.

’ 8199199991, 91199 fluv. 891, prope 8911911911

318.

8199199199 (8199199199) 911, 99991991119919
99ο.991.’

J ’ 8199999999 (8191911119) 911, 9 911. 1119199999 999. '
8199719999 (8199191111) 911. 91189199991919 Ι·

551.

8199991199,91111.9919119 8911991999 111919.
199999.

81999918119919119) 911999199919199991191

1981999111ψψ99 8199999911,199111.1111911991.ι

81999999199, 8119999999 (8191999999)91111.9,9,
1999911919 1199991911. ’

81999γ9199, 911. 9. 1). 11. (1999199191 991.

819999999199, 911, 9 p. 1111119111 99. 111111.

81999919 (8919119111) 911.

8199919199 woly· (89119919 11919191).

819119, 911911119199 99. ”

81999919 (819911) 911

8199199919911991991119111. ,

8199999199 (8199991199) ,911 -

81999119, 999919. 911, ,

J 8191191111911991119198919111991. ¹ 'v

 

