mv

1444 114441 41

14144444, 44414414 444.

14411444, 4144. (4. 41 14444 441. 444.

“ 14141444 4444144 44 4414444 (1414144141. 4 (4. ³.
1114114414 44.

. 141144341444444444444, 444. (44. 4441

-444, 444. 444. 444. 444. 444. 144. 444.
“ 444444. 444. 444. 444. 444. 444. 444. 444.
444. ³0³. '
141141144444,1141444(1.41144)44441
141444, 4444 14-14. ³³.
³ 141444 4441444 (1444444144414) 411. 14. (4. prope
4.(14 14144 444.. ·
. 1414444444,411(444(44 1441444444 444.
144444144144444. 0441411.

- 4441441114 14 4114414444.
144444144444 (1144441) 44444. -
14441114 Α1144, dux 44 monarcha mgni 14144144

444. ’

’ 144144144, 411. prope 4111114444 444.

144444444, 411441 ’14441444 444.
’ 1444144144,11144114411144444444444141·
144444 444.
144444411444441411444444144144444. 4414414.
401414441441.
· 1444144444(11411441..’
1444414444,411 ³ (4111441411144.
1414144, 41114. 4. (4. prope 1444411, 14 8114414 44.
10.
1444444 (01444444) 411 .
’1444444414 (0144444111) 14 arm. ³0³³g 414.
Ι11144414444,411. ³ p. 41. 11414( 1444 444. 414.
· 1144 84444141. 14 cracovia, 4444404444. 44.
111144444,411.1. 4. (4. propo 01444444 444. 444.
101108.
11444444 (114444) 14 44414 1411441414. 44. 444.
411418.
111144444 (1144414444) 441444..
114444, 411. 4. (4. 1.·Ζ4441414444 11144144. 404.
1144444414 1144144, 4114. p. ³. zavichost 144.
114444141444444.114414 144. .
1144, 411. 1. 4. (4. prope opp 1141444444 ³³³-
· 444. 444. 444-444. Α
11444, 411. 4. (4. 1. 0144444444 444.Ι
-7 4114. (4111114 444. .
11414, 4414444441 411 11414144( propo 0444441414
7. 101.
114411, 411 1. 4. p. (444(44 opp. 111414 44. ,
· 1144144414 414 4444. 11414141 414.
-· - 14114414 411.
1144444, 411. ³ p. 1. 44144444 444.
, - · 411. ³ (4. 1. 144144 44.
11444411 144414. (144144.
1144401441411
· 11441114 44444 1141144 ³³³.
-· ·-* 11414141 411.

1.(4,4441444.44.44.44.444.144.444..·444 444, ·
444. 444. 444. 444. 444. 444. 444. 444. ’

114144444, 411. 14. (4. prope Τ4414444 14444.
·.444 444. 414. “

114444, 411. 14 (4 prope opp. 1411141414 444. 444.
444.

114144, ,411. 1. 4. (4. prope opp. 1141144144 4441.
4 1.

114144, 41144. (4.1. 8144414441. .

1144444,11444444 (1144141111.
1144414444, fluv. ³.

444444, mmm, 44 m 4411144 441. ³³³. ’
³³1. ³³³. ’ -

’ 1414444, agricola 444.

1441414444 (14414414) 411 ,

141ι4,1.41444(1.414141444444

144444(1.41444441411. ’

144444 (Lemno) 411

1444444444144 14 4444 11414 444. ·

1444441444144444444 (1444444444) 411. ’ ,

1441141444141. ³³³. . ' , ,

1441444, praedium 144444 1441441114 444. .

14441441441444, 144441444444,14444441441444,
144441444444,(1.44441441441411 -

1441414441414444414444444. ,

1444411411. 4. p 11441444. · '

1414441414 arm. 1144444414 441.

14144 44144444 411. 1144144144 111. 114.

’1,441444 4114. (4. ³. 14114414 14.

1414444 (1441444) 411 1 4. (4. intra ³³0³ 441141·
4444 444. .

1414441444 (1111444441 411 >

1411441444, 1414441444, 41144 ’14441444 (1111- ’

414444) 411. penes Τ44414444, intra· 11144144 44 ’

’11441441 opp. 444. 444.
1441114, opp. ³. 1³³. ³⁰³. ³01. ³³1.-
14 141114111441444 44141141,(44441. ³1³. ’ ’
14144 (1441444) 411. “
1414414444 444144 (1414414141 411 14. (4 144444

· 114114444411444444.444.

1414411444 441444(1.44144114441)411 4. (4. ³. 1³·

1441414 444. ·
1414444, 411. 4. (1. 1. 1144444 1³³. ³³³. 411.““,

1414441444, 1414444444 (1441444444) 4111. 4. p.
prope cracoviam 44. 444. 444. 144-444 444.

131. 144. 1³³. 1³³. ³³1. 271. 111. ’
14144444414, fluv. ³1³.
Lubyonko (1441144141 411

· 1414444444 (11114444) 411

14144444441414 444111441444444.

1414444 (141444) 411. ³ (4. 41. 1441111414 propo
1141414414.

1444444,4441(444(44 844144411444 ³³³.

*- 14441444441444,14444444444441444444441441441 ⁶

1444414444441,441111414 44441144441414144.
1444414444444 (14414414414114410444144144114

 

