11 >
munt]

0111111111, 1111111 11 111.01111111.111111111111111,111111ω1111,111111111111111
01111111, 111..1 11011111111111111111111111 1111.1.11.1111111 11111.11111111.111.ι111.
ox· (01111) 11111 11111111 1111111111 111111. 01111 111.
01111111111111111 011111111. 1111111111,11111111111.

’ 11111111 11 11111111111111 111.

Ρ. (1111111111 (1111111111111111

11. 11.
11111111(1)11.1111111111. 11111111111111111.1.111111111.
Ἰ1111111111, 1111111111 (111111111, 1111111111) 11α1111111(1111111111)111.11.1211111111
opp. 111. 111. 111-111. 111-111, 111. 1111111, 11. 1. p. 1. 11111 1111111. 111. ,
11111111, 111. 11. ,111. 111111 111111. 111111 111.
11111111111111111111111111111111. - 1111111111,11111.111.
1111111111, 111111111111111 (1111 A.) 111.. , - 11111111 11111111 111.
- (11 1111. Zmin 111. ’ - 1111111111, (11 mn. 1111111, 11111. 01111
1111111111, 11111111 (11111111) 111. ζ 111. 111.
11 1111111111 11111111, 11111111. ι11111111(1>111111) 1111. 1. p. 11111 11111111 11 ·
111111, oppidanus 11 11111 cz 111. 111111 111-111. 111.
,11111111111111 (111111111111)111. 11111111 1111111 (1) 111. 1. p. 1. 11111111.
1111111111) 111111. presb. 111. 111. 111111111111 (1111111111111 1 (1.11111111111111
11 11111111111111 Gregorius, 1111111111111. 11111111 (11111111) opp. ·
1111111111111, 111.1.1.1111111111111111111111. 1111, 11111, 11111111 111. 111.
11111111118111111. 111. · 111111111111111111)1111.1.1.11111 1111111
1111111111). 111. 111. 111. ⁴0¹ 111. 111 ,
11111111111111. 111111. 11111111111. , Pomm· (Noomin) 111 ’
11 1111111111 11111. et 111111 11 1111. mn& 11111111111111111,111111.11111111111.
111. - 11 (11111111 111.
11111111111111111)111.11..1011111111111. ·- 11111111111111.
11 1111111111 111111 1111- 111111 1111111111 111. 111.
1111111111111111111111)111111.111112111111.- 1101111111
1111111111, 111 11 1. p. propo 2111111111 111. 111111111111, opine. 1111111111 111. .
11111111, 11111 p. 1. 1111111ὼὸ1 111. 111111111111. 1111111( 111.
111111111111 (1111111111) 111. 1111111111 1111 11111111.
1111111111 (11111111) 111. 111ω11(111111111111 111111111111 111.
1111111111, vit 111. 111111 1111111111 11. 111. 1111111111 (1111111111) 111
111. 111. 111. 111. , · - 111111111111.(11111111.111
mmmmm (1111111111111 prope 11111111 111. - 1111111111111 011111. (1111. 1111 Δ.)
1111111111) 111111. 11111111 1111111111. 111. 111. 111. 111.
11111111111111 111111. (111111111111. 111111 (1) 11111 (111111. 111.
11111111111(11111111)111. - 11 111111111111111111.
1111111111, 11111 0111111111. 11. . - 111111. 0111111111.
1111111111)111.1ρ.1111111111 - 1111111111111111.1111111.
1111111, 11111111 111. , - 111111111111111 11.,
1111111111111111111)111 · 111111 num 111111011111.111.
11111111111111111. 111111 111. -11111111(11111111.
1111111,111111111(111111111. - 1111111111 01111111. 111.
1111111111 (1111111111) 111. 1. μ 1. (1111111111 1111111111 111.11.1.(111111,11111 1111111111
, 111. 111. 111.
. 11111111, opp 1.1111111111,111.1.1.ρ.11111 (111111111111.
11111111 111111 (Parnon) 111 1111111111, 111. 111. 111.
, 111.177.1111111,11111111111.
11111111 11111111 (111111111111111111111 111111111111. proca 1. 11111111.
1111111111. 11111111, 111. 1. p. 1. (1111111111 111. 111.
1111111111 de 1111.01111η1111.111,111 1111111111(1’1111ρ111)111.
1111111111.1.11111111 1111111111111111111111)111.
1111111111 (1111111111) 1111. 111. (1111111111 1111111111111,1111111111111111111111.
111. 111. · 1111111111111, 111111111111 (1111111111) 111

111. 111. 111111 ¹¹

 

