vlu

04144414101411044111411 00404 1044004404 0414144404, 0441144044. 0440. 444. 444. Ι

⁸ 04111444 444144 (110141444) 411
04111444 441444 (1101414411) 411
0411141141 (1101414111) 411

0014444444 (1141104444) 411
04141444 (1101414444) 411 ⁸
410-0414114411041144, S. 11041 0401 441.

04410404411100144444) 411 00400 400. 1101044404.

04414444 (1140104) 411

0414441 (1101οο4) 411.

0410444144 (1101044014). ,

0404444444 (110440404) 411. ’

, 0444440414 (114440404011).

· 0444444444 (1104404444)411 '
044444 (1104044) castrum.
0044441444 (10144400) vil,
0041444440414 (1100104440414) 411
0041044144 (1100144040) 411.
04444104 1144041444 104 404.
004444404144 (1104140041) 411
10 044444400144 (10 1104100001)
0044444414 (1104100141).
0404440444 (1140400410)
040444444444 (1140444010) 000.
044044 (1104044) 411. 04000 000104 404.
0044444 (11040444) 000.

0444144, 0044404 (11040104) 44444
0044111444 (1104411404) 411
00441144 (1144411411.
044414441444 (1100000100) 411
0040101100 (11οο0104) 411

’ 04444414444, 000400101οα (1101010104) 411

0444444444 (11004400) 411
0440444444 (1101010104) 411
0441044 (1144104) 411.
0041444414 (1144104011).
04444444, 4141. 44444001. 1444100044. 1414 Δ. 144.
04444444 (11004044) 000.
044444444044 (11οο4444404) 411.
’ 0044414144 woly: (1) 411. 1. 4. 0. 441.
04440144 (11044010 810οο0140) 411
00401444 (11040100) 411
410 044444141014444. presb: 444.

- 111001. presb. 411.
044444410444 (14010104) 411
04404444 (1140440100) 411
0444404414 (1140000410) 411.
04444444 (11404044) 411.
0444444114 (1144414411) 000.
0440400414 (1400404014).
0444414044 (1) 411. 4. p. d. 1114104140 441.
’ 0444144441 (1140414044) 411.
’0444041040 1014. presb 111 ,
04441144 11001. consul cracov. 410.
0444440144 140440. 10114004,1Τ14010401114.
0414004 Nico! 41,

0414114041044411141011141.
04144141 111041 10101114, 04001 414. 441.

- 411144001οΉ414,ωο 0444144. ’

041410444141 (1144040004140) 411 04000 04410144
0404111444 (1140044400) 411. ·

04014001444 (1140104100) 411 ’
0440144 (0140004) 1044. ·

044401444 (1144444140) 411.

04411144 (1144441140) 411. ,
0444441404 10 4444. 01404404 441. 140. ’
04444414441444 (114ιο014100) 411
0444404οᾞ444 (1144414004100) 411

“ 04444440441444 maior (1144444404140 41411410) 411 ’

- minor (1144414444140 44410) 411
00414444 (10014444) 411.
00044444 (1100144144) 411.

·' ⁴ 10 00444444414, 1000044114 (110 1111011111)

40111.
004444 (110404) 411.

’ 0044444144 (1104044011).

0444441444 (10144404) 411.

’ · 0011410444 (11011104)14101·44
q 040440414441100110104441410111.

0404440444 (14414011) 04440.

0414444444, 411 04000 0441001444 44.

0441044444, 411. 4. 0. 1. 8100444144.

0441044444, 411 0. 0. 1. 110114 14. .

0441444144, 411 4 0. 1. Β141414410141414. 440.

0441041444 (0441044140) 411 ·’

0444044, 0444440010444100) 411 11 40. 04400
0001101444 “

0444444410444 (0400001044) 400. 4.

04441144 444144 (044010 41011410) 411 1440. 04400
000. 0104441141 414. 444. 441.

0400140 411444 (040010 44470) vil. 4 0. 41044010
1111111114 130. 033. 408. 4'97.

044444104. 410.

,- 411....00110014441

044444 104044 (0404004101) 411141 suburbio Gn·
0011110 94. 401411. 26⁸. ’

044444 41444, campus in 411 0004404411.
0444414444, 04444104 444104 (04441444) 411. 0 0.
1. 11040444 401. 404.

· 0444414444 (04441404) 411 04000400. 110414 414.

0404144414110οΤηο404014100444101140410101. .

04444441444144, 411 0. 0. d. 1110110414 114.

0444444414 (0444440414) 411. 1. 0. 0. inu: 1140444
et 11041104 000. 444. 441-444, 400.

0444400414, 0404404444 (0444440014) 411 h„ 0 0.
intra opp. 11111104 0101410444οο 404. 404.
444. 414. 144

04444044414 441.

0444400444 (0444000144) 411 4 0111014444, 14
11000 (140444 444.

 

