X

Damohowyezo (0116616111) 611. 1. 16 d, 22.

01111116111116116, 1·.11 6.1.61.11111111616666.6
-· - 1116 ...11111616111661

’116616666111161616661661116’

i‘¹⁰ 0116116116 1611161161 66116. 0611 66.

- 1111111 1661161, 8. mmmm
doctor 666. 6661.

011616166,1·11116.(1611661611666.666666.166016116111116616111 8611611111,116111116 (111

611. 616.

ζ 61111111. 1116111 66 1161111 666. 666. , ,

06111116, 01116161, 111 11. 6. p. 1616166 011166601160111166116111611116,(161161. 066166611161116611,

116111611616166666616.

ξ sandomir. 666.

0616161166, 0611611666 (01161166) 111 111. d. ,0661611616116,6111).(11611611616666.666.666.

1116161661· 166. 661.
0611111111661, 011161616661011666116) 111.
06111616616111101116 (0116166616 111611) 111.
06611116,06111111(01161)111.
, 06161161116161616. 0111166

’ 0611166111, 0611111111, 0661111111 (1111111111) 111

0111116166 (0111616) 111. 66 61111.

01161661111,1·16661666161.11666 1111111116 16111 m .

6
1011111111 16111111. do arm 1111111611·

,01111661 Andr. 6601661111 116 61161. lam 666.

6“61’1”.

01111166 0116666111 (1161616111) 666.

, -616111111166,61611111.16166.

· 0616661611,01116610161(0611166111661)61111.- 1610·11616166116,1161116.011116, 11111

1161616616 666. 616. “

1 cmc„ 66 6.66 661.

· 616 0661616 8661111 de 6116. 11611 116. .
. ·0666161116111 1611110111. 611.

611 061666ωά611 011116161111111111,6166161666116· 1 06111611 de 1166166611, de 1111110111 666. 666 ·
0161111611Ιὲ 1111161661) 111 Ι 06111111 616 1166166166,(161161(16111116111, μή. ·

166166166611666616166) opp. ι ’ 666.
01111, 111. 111111 1116611161 6616.

0111161, 611 prope 11111. 11161 666.
0116111111, vil. prope 0116661111 61. 166.
Ι 011116, 111 116. 11116116 6111111161 11661166.
- 611166 36. 611. 061. 10. 101. 110. 161. 111.
166. m. 166. 111666. ³20. 601. 016. 116.
000. 080. 661. 6611. 660. 608.
- 111 0116116 11661616, 6116611.6661111611 0611166.
0110111161 (1) 111 propo Lublin 166.

de 01616616161161611161, de 1161. 11616166 66.
- 0611661161 (0611616611) opp. 66111.
, - (0111661111) 611
0611116661616 (0111116611) 611.
· 166166116111111666661611
01611611 (01161) 111.
01116616 (011616) 111.

0661661661, (0116166) 611. 0166111161 (01161666) 611. 1 11 (1 hm 611.
01111161,611.1 p d. 1611666116 61 166. 166. 01166111 (01116111) 1111 66. 16 11166. 166166.
661166661666666.

0111111111161661,011661ο611666,111111111111166, 01111 1111111 (0111161111) 111 1 1111 ‘Padum
111 h 6. p prope 01166116 666. 666. 61116 661.
011116661111611611161116666, 611. 01111 661166111116161611166161111166.
06611161(01111166)111 0111116661116011. 166.
011111, 111. prope 061666. 166. 01116116 (0111616) 1111661111, de 1161 1111111161
01611666111116. 161 666
- (0111166161. 661661. ’ 1111161611 (0611666)1116661,6161161111616166616
. - 611. 616. 6111116616 1116. »- (01111666)1111616011111611, 11111111.
- 111.1.16.·11.01161616661. 1116111166 166. 666.
- vil. 1 1111116111 Sua 666. 666. 666. 0111611111 (0111661) 1611 161161 mmm,
666. 611. 616. 616. de 11111 Wiemm 666.
01016666, vil. 1 16. 61. 1161111116 6111 666.
0161116111, 611. 1. 16. 11. 1116111 66161.
0166616116, 661666610661161661 611611 Polou. 6.
- pratum 16111. 11111616 166.

161661111116116,66161111116116,11111111·
1116 cm. 616. 666.

01111116 (0611616) 16111 iunior 611 1611116616·
-· 611111111661161616116. 661 6166. 01616666. 166. 166161 666. 606.
- 611.1.16.11.Ζ16116ο161111611666. 661166.

0111616161 1666161111, 111 1 p. d. 01661166 666. 0111116616 (0111661) 1161 611161 desumi· 16
·- 01116611166116, 11161 161. 1111611 61111616161616,11616111.11111111116111 1166·
6111616116 661. 1. 16 111.111.161.111161.161.161 661

0111616166 66611666, 611 ι p. d 66611166 ’16166166 111. 116. 611116. 111661. 611.
- 616 ι 116. 616116611611. 616. 111. 611-661. 611 166. .

 

0161111111(0111616)11111.(111116116161111,1161666 · ’

