xmv

004141 0441141, 044110 11414004144141141411140,
04 1144141140 (41414 0410141411). ’

044141 00 1410041 404.

0441144144, 111. 1. 4. p. prope 04101 40.

0444141444 (0144014144) 41014. '

040104414410410100114) 41014. ·

01444414 (214410) 411.

01444441444121444404) 411. y

0444414 (11444144) 044. ‘

0144444444, 0144444144, 0144404444 (0144014444)
044. 411. 4141044. ,

0444414444, 041. 00 144 444. 441 444. 404.

’ - 4111. 44 propo 1101110044-41.

’- 414414.1444. 4041441144
04100104. 140. 170. 010. 000. 000. 004.
004. ’

0444144044 (001110044101014401444).

0144104044 (041010014) 41014. ·

· 01404104414, 01140044441401400141004 41141114-
4404 444. 444. 444. 440. 444. 444. ·

01404114 (01400111) 411. 4 p 41. 00044 414.

“ 014440444444 (0144041041) 411.

, 014414, 44110014 044.

0144141141, 411 4100044441. 441-44. 44. 41. 44.
00.00.100.101.111.111. 100. 107. 100. 141.
000. 050. 000.

0144141444 04 nrm. 1444441144 44.

’- 4144101. 1144111444 011.
'·‚ 044141. 1141444 041.
.. - 04 4414. 04140444 444. 414. 441.
-· 4144110. 0414144414.
. ·- 004101. 0144044440. ’

0144141441444 (0140104444) 411. 4. p. 0. 11444444
01. 104.

01440 41144 0140141444 44101441. 1114114140. 444.Ὶ

0144444414 (0140041414) 411. 44141. 1104104140.

0144441114 (0144014111) 411.

01444, 411. 4. p. d. 0101104104 444. 441.

01414 woh, 411. 4. p. οῘ 041014 110.

- 411.4.ρ.0.1114401414011.

. 01444 0444414, 411. 1. e. p. 14. 14.

04 0144441014 Andrean, 0. 11001. 144041. 444

01441044444,14444 141.

0141041144, 411. 4. n 0. 1144440141 444.

, 01414444401414 04 4101. 1101141401 411.

0144414 04 4101. 010141 044. 444.

01444141, 440444. 41. 44. 44. 104. 114. 144, 144. --

100. 140. 174. 100. 100. 000. 000. 001. 040.
001. 007. 000. 070. 400. 410. 400. 414. 000.
010. 501-005.
01444 1044044, 01414104401414 (01414101) 41104.
01414 11144, molendinum 044
01444 0444, opp. 4. 440. 444 444. 411.
0144414414 1114114411) 411. 4 4011411041.
01444 41144 04144, 1414444· 14 411. 144404 040. 444.
01444441 (01441404) 411 4. p. 41. 11114 414. 444.

0144114414 414 4414. 144104114414. 414. 410.

0144044444 44410141 411401 (0144044104) 411 4
410 1410014 400. 411.

01444444444 (0144144444) 411. 4. p 0. 14144414

’ 414.

’ 0144414104, agricola 014. .
· 0144144114 episc. 0111411140. 104. 404,

- 441441414440110. 074.

- . 01441444401, 44041110 047. ‚⁶

0144441, 44114014 044.

’ 0144140144, 411 4 p. 41. 1141444140. . ᾗ

0114410414 1011400444, enno. 014004. 104.

0114444411144, 014044111401114044014((0140141-
11) 411

011414 (01414) 411.

011444 woly· (01414 11014) 411.

011414 1114444, 411. 10441144, 1040 opp. 01441144
101.

414 011414 1114014040. ’111401 144041 014.

01104441 (01044141) vil

01100014 0(1041014)411. ’

0110144444 (0140144440) 411.

01114444 (01101114) 411..

0114414410 (04404410) 411. .

01014441, agricola 040.

0101144, 411. (114414144441414140. , ’

de 010141441440144, presb. 141.

0144411, 411. 4. p. 0. 010414 404.

0140014, 411. s. (1.0. 110441441041144 4010444011.

01444444 414 4114. 01444 44.

010444444444 (010401441444411. 4. p. 0110004104
100. 000. ’

0101041414 (0104014144) 111. 4. p. d. 0411144411 41.

01011011) 040.

0144440 (014100) 411. ’

0104044414 414 4101. 0141 107.
— 414 4110. Τ14114 40. ,

de 0114410444414401144, 044101.144114411144,14ς
0011. 04110010. 400. ·

0114040444 (0144411144) 1114 p. 0. 1144101444
1114114 400. -

0114004114, 0114000144 (01140401) 4411011. Gneo
viae .‘.3 00. 100. 1010111000.

0144004114 (0114000114) 411. 44 d. 0114110 ⁸an- ,

bam fluv. 41.
0114000114 (0114001414) fluv. 04.
(01140114) 411. - y
01140444 41144 2441441014 411. 11. e. 41. 10114 10111-
444104141044444 404. 404. ·-

401144114441414 de nrm. 1114014444 414.
,0144441 04 4114. 0010144141.

014444144444 (0144444414) 111..
014444144 01144404411 00 4101. 04110441 400011.
014444 Florianus 104. ·. -

0114414414411. h 4. p propo op. 1141144 011.
0114444441, 011444(014440114)41044

 

